,date,load_MW,yhat
1,2015-01-02,27451.0,29456.44
2,2015-01-03,29090.0,26620.99
3,2015-01-04,27641.0,27884.77
4,2015-01-05,27752.0,28328.76
5,2015-01-06,29781.0,29521.89
6,2015-01-07,29465.0,29824.4
7,2015-01-08,29393.0,29400.48
8,2015-01-09,29144.0,29212.81
9,2015-01-10,28497.0,28493.04
10,2015-01-11,26985.0,26734.96
11,2015-01-12,27003.0,27925.88
12,2015-01-13,29243.0,28809.41
13,2015-01-14,29046.0,29428.06
14,2015-01-15,29157.0,29044.54
15,2015-01-16,29217.0,29041.75
16,2015-01-17,28292.0,28602.44
17,2015-01-18,26081.0,26471.04
18,2015-01-19,26015.0,27004.72
19,2015-01-20,28789.0,27971.09
20,2015-01-21,29199.0,29149.07
21,2015-01-22,29223.0,29264.69
22,2015-01-23,29092.0,29032.02
23,2015-01-24,28283.0,28449.95
24,2015-01-25,26228.0,26481.15
25,2015-01-26,26543.0,27138.89
26,2015-01-27,29749.0,28485.31
27,2015-01-28,28710.0,30019.55
28,2015-01-29,29080.0,28481.01
29,2015-01-30,28898.0,29069.55
30,2015-01-31,27929.0,28209.39
31,2015-02-01,25979.0,26146.35
32,2015-02-02,25525.0,26938.73
33,2015-02-03,29322.0,27412.2
34,2015-02-04,29046.0,29830.96
35,2015-02-05,29154.0,28869.49
36,2015-02-06,29130.0,29020.0
37,2015-02-07,28513.0,28448.71
38,2015-02-08,26239.0,26682.02
39,2015-02-09,26616.0,27051.72
40,2015-02-10,29044.0,28544.35
41,2015-02-11,28867.0,29200.91
42,2015-02-12,29345.0,28828.26
43,2015-02-13,29670.0,29216.94
44,2015-02-14,28920.0,28955.05
45,2015-02-15,26599.0,26961.15
46,2015-02-16,26003.0,27347.05
47,2015-02-17,28254.0,27782.04
48,2015-02-18,29192.0,28542.69
49,2015-02-19,29144.0,29341.14
50,2015-02-20,29083.0,28846.25
51,2015-02-21,27796.0,28412.09
52,2015-02-22,25943.0,25896.13
53,2015-02-23,26590.0,26915.59
54,2015-02-24,28567.0,28523.2
55,2015-02-25,28872.0,28664.51
56,2015-02-26,28723.0,28951.75
57,2015-02-27,28558.0,28488.62
58,2015-02-28,27749.0,27935.69
59,2015-03-01,26118.0,25964.1
60,2015-03-02,26951.0,27076.5
61,2015-03-03,29177.0,28862.02
62,2015-03-04,28787.0,29220.42
63,2015-03-05,28692.0,28702.39
64,2015-03-06,28778.0,28517.13
65,2015-03-07,28476.0,28158.57
66,2015-03-08,26820.0,26674.41
67,2015-03-09,26182.0,27637.07
68,2015-03-10,29048.0,27872.52
69,2015-03-11,29302.0,29350.46
70,2015-03-12,28674.0,29219.51
71,2015-03-13,29484.0,28357.37
72,2015-03-14,29510.0,28959.92
73,2015-03-15,28625.0,27561.47
74,2015-03-16,29817.0,29345.06
75,2015-03-17,30855.0,31347.99
76,2015-03-18,29593.0,30353.09
77,2015-03-19,29160.0,29269.61
78,2015-03-20,29451.0,28876.22
79,2015-03-21,28445.0,28794.81
80,2015-03-22,26334.0,26483.99
81,2015-03-23,26100.0,27180.24
82,2015-03-24,28465.0,27925.39
83,2015-03-25,28683.0,28727.11
84,2015-03-26,30319.0,28743.72
85,2015-03-27,31546.0,30275.69
86,2015-03-28,30354.0,30670.66
87,2015-03-29,27991.0,28025.23
88,2015-03-30,28485.0,28563.45
89,2015-03-31,29860.0,30150.83
90,2015-04-01,28778.0,29641.59
91,2015-04-02,28791.0,28620.01
92,2015-04-03,28687.0,28690.95
93,2015-04-04,28085.0,28062.32
94,2015-04-05,26579.0,26335.32
95,2015-04-06,25064.0,27525.06
96,2015-04-07,28047.0,26749.59
97,2015-04-08,27801.0,28642.9
98,2015-04-09,27780.0,27864.04
99,2015-04-10,27908.0,27834.26
100,2015-04-11,27134.0,27484.77
101,2015-04-12,25886.0,25503.32
102,2015-04-13,26743.0,27031.47
103,2015-04-14,28809.0,28734.86
104,2015-04-15,28392.0,28951.94
105,2015-04-16,28623.0,28449.51
106,2015-04-17,29025.0,28617.27
107,2015-04-18,28371.0,28508.51
108,2015-04-19,27018.0,26586.67
109,2015-04-20,27107.0,28001.66
110,2015-04-21,28966.0,28910.89
111,2015-04-22,28412.0,29122.28
112,2015-04-23,28537.0,28476.45
113,2015-04-24,28573.0,28571.59
114,2015-04-25,27435.0,28092.57
115,2015-04-26,25086.0,25759.14
116,2015-04-27,28520.0,26200.26
117,2015-04-28,30332.0,31005.35
118,2015-04-29,31962.0,30087.81
119,2015-04-30,33474.0,32101.75
120,2015-05-01,33487.0,32960.86
121,2015-05-02,32489.0,32245.56
122,2015-05-03,28173.0,30109.52
123,2015-05-04,27001.0,28441.7
124,2015-05-05,28876.0,28835.9
125,2015-05-06,28174.0,29212.19
126,2015-05-07,28436.0,28367.86
127,2015-05-08,27934.0,28670.68
128,2015-05-09,27351.0,27563.84
129,2015-05-10,25556.0,26000.15
130,2015-05-11,27368.0,26838.1
131,2015-05-12,29058.0,29781.7
132,2015-05-13,28209.0,29261.62
133,2015-05-14,28291.0,28506.36
134,2015-05-15,27917.0,28594.85
135,2015-05-16,26909.0,27687.14
136,2015-05-17,25563.0,25618.34
137,2015-05-18,26072.0,27077.89
138,2015-05-19,27803.0,28438.87
139,2015-05-20,28011.0,28410.27
140,2015-05-21,28371.0,28662.75
141,2015-05-22,27962.0,28780.25
142,2015-05-23,27307.0,27830.12
143,2015-05-24,25656.0,26152.18
144,2015-05-25,25507.0,27184.21
145,2015-05-26,27156.0,27951.15
146,2015-05-27,28892.0,28004.29
147,2015-05-28,29336.0,29887.85
148,2015-05-29,30232.0,29653.04
149,2015-05-30,30202.0,30203.09
150,2015-05-31,29419.0,28778.27
151,2015-06-01,29368.0,30717.23
152,2015-06-02,29947.0,31366.68
153,2015-06-03,30070.0,30275.89
154,2015-06-04,29374.0,30733.02
155,2015-06-05,29206.0,29662.9
156,2015-06-06,28954.0,29298.11
157,2015-06-07,29933.0,27890.39
158,2015-06-08,40122.0,31724.17
159,2015-06-09,40097.0,42966.32
160,2015-06-10,34014.0,38252.98
161,2015-06-11,33672.0,33043.49
162,2015-06-12,34576.0,33888.17
163,2015-06-13,34567.0,34149.51
164,2015-06-14,31271.0,32810.44
165,2015-06-15,34596.0,32062.36
166,2015-06-16,35346.0,37123.68
167,2015-06-17,36699.0,34980.51
168,2015-06-18,36739.0,37052.55
169,2015-06-19,36633.0,36334.52
170,2015-06-20,36652.0,35933.92
171,2015-06-21,35226.0,34796.16
172,2015-06-22,35706.0,36031.04
173,2015-06-23,37141.0,37481.17
174,2015-06-24,37860.0,37058.83
175,2015-06-25,39652.0,37980.89
176,2015-06-26,39571.0,39457.49
177,2015-06-27,39426.0,38481.21
178,2015-06-28,34661.0,37311.96
179,2015-06-29,39562.0,34982.64
180,2015-06-30,42394.0,42193.38
181,2015-07-01,40668.0,41661.96
182,2015-07-02,39097.0,39988.72
183,2015-07-03,38990.0,38556.35
184,2015-07-04,36326.0,38340.3
185,2015-07-05,32949.0,34272.68
186,2015-07-06,34612.0,34183.64
187,2015-07-07,34544.0,37265.77
188,2015-07-08,33967.0,34776.8
189,2015-07-09,31998.0,34853.72
190,2015-07-10,30393.0,32505.16
191,2015-07-11,30164.0,30923.07
192,2015-07-12,30494.0,29848.87
193,2015-07-13,36565.0,32898.79
194,2015-07-14,36609.0,39903.18
195,2015-07-15,36437.0,36438.38
196,2015-07-16,37317.0,37211.07
197,2015-07-17,38413.0,37735.42
198,2015-07-18,38438.0,38268.65
199,2015-07-19,35255.0,36855.67
200,2015-07-20,40073.0,36267.24
201,2015-07-21,40214.0,42904.89
202,2015-07-22,37776.0,39624.17
203,2015-07-23,35994.0,37903.97
204,2015-07-24,36464.0,36232.33
205,2015-07-25,36564.0,36683.35
206,2015-07-26,34291.0,35371.06
207,2015-07-27,37428.0,35711.11
208,2015-07-28,40494.0,40261.81
209,2015-07-29,42094.0,40704.14
210,2015-07-30,41990.0,42309.41
211,2015-07-31,41282.0,41529.89
212,2015-08-01,40212.0,40459.34
213,2015-08-02,35823.0,38285.27
214,2015-08-03,37939.0,36601.94
215,2015-08-04,38034.0,40590.67
216,2015-08-05,39951.0,37980.73
217,2015-08-06,39854.0,40749.2
218,2015-08-07,36745.0,39649.61
219,2015-08-08,35486.0,36081.66
220,2015-08-09,31856.0,34383.69
221,2015-08-10,35079.0,33331.57
222,2015-08-11,35457.0,38333.2
223,2015-08-12,38794.0,35752.53
224,2015-08-13,41245.0,40038.56
225,2015-08-14,41786.0,41252.13
226,2015-08-15,41884.0,40960.9
227,2015-08-16,42572.0,39803.96
228,2015-08-17,43931.0,43314.07
229,2015-08-18,43790.0,45064.47
230,2015-08-19,40375.0,42774.15
231,2015-08-20,38410.0,39710.65
232,2015-08-21,36967.0,38174.0
233,2015-08-22,35858.0,36496.82
234,2015-08-23,34747.0,34434.13
235,2015-08-24,40725.0,36192.94
236,2015-08-25,40609.0,43398.75
237,2015-08-26,43157.0,39641.4
238,2015-08-27,44895.0,43371.92
239,2015-08-28,47119.0,43952.04
240,2015-08-29,46205.0,45616.42
241,2015-08-30,38842.0,42820.25
242,2015-08-31,38532.0,38143.38
243,2015-09-01,38515.0,40291.38
244,2015-09-02,36877.0,38035.77
245,2015-09-03,35129.0,36852.21
246,2015-09-04,32609.0,35028.42
247,2015-09-05,30717.0,32265.01
248,2015-09-06,31475.0,29664.51
249,2015-09-07,38183.0,33535.33
250,2015-09-08,46221.0,40932.68
251,2015-09-09,46468.0,45873.82
252,2015-09-10,46975.0,44751.6
253,2015-09-11,46631.0,45328.85
254,2015-09-12,44949.0,44238.69
255,2015-09-13,37492.0,41372.83
256,2015-09-14,37278.0,36602.1
257,2015-09-15,34724.0,38867.01
258,2015-09-16,33094.0,33862.9
259,2015-09-17,31856.0,33420.92
260,2015-09-18,34909.0,31941.5
261,2015-09-19,35846.0,35077.31
262,2015-09-20,40568.0,33888.12
263,2015-09-21,40656.0,41686.85
264,2015-09-22,39942.0,40851.59
265,2015-09-23,37734.0,38653.66
266,2015-09-24,41197.0,36846.96
267,2015-09-25,41746.0,40786.75
268,2015-09-26,40970.0,39737.71
269,2015-09-27,38115.0,37843.46
270,2015-09-28,37754.0,37714.69
271,2015-09-29,37599.0,38568.86
272,2015-09-30,35455.0,36526.15
273,2015-10-01,34930.0,34746.9
274,2015-10-02,33466.0,34403.44
275,2015-10-03,32532.0,32382.38
276,2015-10-04,29321.0,30615.45
277,2015-10-05,28446.0,29988.23
278,2015-10-06,30298.0,30381.92
279,2015-10-07,32364.0,30676.14
280,2015-10-08,35999.0,32787.75
281,2015-10-09,39869.0,35857.8
282,2015-10-10,39767.0,38616.02
283,2015-10-11,36574.0,36418.24
284,2015-10-12,39135.0,36008.1
285,2015-10-13,41510.0,40091.68
286,2015-10-14,41257.0,39875.99
287,2015-10-15,38055.0,39642.32
288,2015-10-16,34463.0,36032.37
289,2015-10-17,32574.0,32633.96
290,2015-10-18,30136.0,30231.61
291,2015-10-19,28704.0,30621.67
292,2015-10-20,30301.0,30151.13
293,2015-10-21,31044.0,30415.42
294,2015-10-22,31643.0,31121.11
295,2015-10-23,31437.0,31326.89
296,2015-10-24,30716.0,30525.21
297,2015-10-25,29423.0,28683.56
298,2015-10-26,30817.0,30142.38
299,2015-10-27,32253.0,32440.63
300,2015-10-28,31307.0,31768.33
301,2015-10-29,30914.0,30921.21
302,2015-10-30,30611.0,30490.64
303,2015-10-31,29968.0,29765.16
304,2015-11-01,29058.0,27995.73
305,2015-11-02,28626.0,29845.73
306,2015-11-03,29731.0,30063.61
307,2015-11-04,28969.0,29623.74
308,2015-11-05,29041.0,28914.03
309,2015-11-06,29027.0,28951.5
310,2015-11-07,28518.0,28416.33
311,2015-11-08,26413.0,26750.27
312,2015-11-09,26985.0,27271.09
313,2015-11-10,29768.0,28931.77
314,2015-11-11,29284.0,29918.39
315,2015-11-12,29206.0,29123.78
316,2015-11-13,29396.0,29027.59
317,2015-11-14,28815.0,28751.68
318,2015-11-15,26688.0,26941.43
319,2015-11-16,26927.0,27485.1
320,2015-11-17,29759.0,28783.32
321,2015-11-18,29532.0,29926.1
322,2015-11-19,29457.0,29368.59
323,2015-11-20,29614.0,29214.64
324,2015-11-21,29282.0,28921.99
325,2015-11-22,27417.0,27383.86
326,2015-11-23,27286.0,28144.97
327,2015-11-24,29868.0,28989.18
328,2015-11-25,29670.0,29987.02
329,2015-11-26,29061.0,29502.79
330,2015-11-27,24288.0,28757.77
331,2015-11-28,26556.0,23348.6
332,2015-11-29,27088.0,25998.07
333,2015-11-30,27838.0,28175.5
334,2015-12-01,30988.0,29586.45
335,2015-12-02,30741.0,31037.3
336,2015-12-03,30376.0,30378.81
337,2015-12-04,30458.0,29944.27
338,2015-12-05,29658.0,29649.35
339,2015-12-06,28709.0,27612.5
340,2015-12-07,28315.0,29503.83
341,2015-12-08,30632.0,29763.25
342,2015-12-09,31001.0,30630.12
343,2015-12-10,30566.0,30792.85
344,2015-12-11,30637.0,30060.06
345,2015-12-12,29568.0,29834.15
346,2015-12-13,27814.0,27491.18
347,2015-12-14,28671.0,28595.53
348,2015-12-15,31447.0,30420.9
349,2015-12-16,31570.0,31349.98
350,2015-12-17,31490.0,31231.43
351,2015-12-18,30809.0,30955.38
352,2015-12-19,29803.0,29798.38
353,2015-12-20,27941.0,27773.27
354,2015-12-21,28624.0,28677.05
355,2015-12-22,31720.0,30368.62
356,2015-12-23,30189.0,31677.89
357,2015-12-24,29412.0,29679.72
358,2015-12-25,28276.0,29164.1
359,2015-12-26,25614.0,27585.22
360,2015-12-27,27655.0,23917.52
361,2015-12-28,28385.0,29443.17
362,2015-12-29,31455.0,29907.7
363,2015-12-30,30571.0,31525.54
364,2015-12-31,30478.0,30135.64
365,2016-01-01,29332.0,30188.74
366,2016-01-02,27571.0,28442.8
367,2016-01-03,27738.0,25775.4
368,2016-01-04,28470.0,29018.6
369,2016-01-05,30360.0,30117.11
370,2016-01-06,30967.0,30291.14
371,2016-01-07,31767.0,30894.78
372,2016-01-08,30196.0,31363.01
373,2016-01-09,29967.0,29047.58
374,2016-01-10,28310.0,28162.38
375,2016-01-11,28039.0,28976.71
376,2016-01-12,29774.0,29657.44
377,2016-01-13,29758.0,29780.88
378,2016-01-14,29198.0,29727.38
379,2016-01-15,30133.0,28914.09
380,2016-01-16,28552.0,29633.57
381,2016-01-17,26577.0,26485.16
382,2016-01-18,26657.0,27551.36
383,2016-01-19,29004.0,28533.49
384,2016-01-20,29077.0,29242.34
385,2016-01-21,28829.0,29123.84
386,2016-01-22,28696.0,28662.76
387,2016-01-23,28297.0,28141.11
388,2016-01-24,26196.0,26594.56
389,2016-01-25,26657.0,27088.53
390,2016-01-26,29296.0,28638.16
391,2016-01-27,29137.0,29505.49
392,2016-01-28,29058.0,29094.18
393,2016-01-29,28875.0,28894.1
394,2016-01-30,28088.0,28247.5
395,2016-01-31,26533.0,26320.49
396,2016-02-01,27514.0,27504.67
397,2016-02-02,30279.0,29431.16
398,2016-02-03,29792.0,30323.87
399,2016-02-04,30080.0,29554.11
400,2016-02-05,28944.0,29845.56
401,2016-02-06,27988.0,28043.6
402,2016-02-07,26151.0,26249.11
403,2016-02-08,26149.0,27091.84
404,2016-02-09,29510.0,28043.42
405,2016-02-10,29766.0,29856.23
406,2016-02-11,29537.0,29632.94
407,2016-02-12,29290.0,29221.15
408,2016-02-13,28360.0,28563.65
409,2016-02-14,25890.0,26486.57
410,2016-02-15,25994.0,26727.1
411,2016-02-16,29254.0,27957.28
412,2016-02-17,30512.0,29586.83
413,2016-02-18,29654.0,30491.28
414,2016-02-19,28263.0,29098.15
415,2016-02-20,27943.0,27481.67
416,2016-02-21,25959.0,26319.5
417,2016-02-22,26106.0,26832.79
418,2016-02-23,29157.0,28036.18
419,2016-02-24,29026.0,29447.7
420,2016-02-25,29355.0,28919.53
421,2016-02-26,29253.0,29191.56
422,2016-02-27,28613.0,28505.12
423,2016-02-28,26341.0,26746.63
424,2016-02-29,26704.0,27119.31
425,2016-03-01,29624.0,28598.22
426,2016-03-02,29445.0,29788.99
427,2016-03-03,29138.0,29270.69
428,2016-03-04,29085.0,28857.55
429,2016-03-05,28425.0,28411.07
430,2016-03-06,27029.0,26567.68
431,2016-03-07,26621.0,27907.61
432,2016-03-08,29089.0,28290.35
433,2016-03-09,29012.0,29295.97
434,2016-03-10,29047.0,28938.25
435,2016-03-11,29305.0,28849.61
436,2016-03-12,28061.0,28649.13
437,2016-03-13,26185.0,26116.78
438,2016-03-14,26355.0,27121.06
439,2016-03-15,27723.0,28218.56
440,2016-03-16,27910.0,27848.08
441,2016-03-17,28934.0,28149.46
442,2016-03-18,28658.0,28945.79
443,2016-03-19,27518.0,27932.84
444,2016-03-20,25625.0,25734.71
445,2016-03-21,25871.0,26624.6
446,2016-03-22,28077.0,27833.75
447,2016-03-23,27375.0,28339.0
448,2016-03-24,27469.0,27446.52
449,2016-03-25,27603.0,27568.79
450,2016-03-26,26591.0,27182.07
451,2016-03-27,25404.0,24955.81
452,2016-03-28,24548.0,26606.54
453,2016-03-29,27287.0,26410.48
454,2016-03-30,27276.0,27885.77
455,2016-03-31,27257.0,27472.1
456,2016-04-01,27150.0,27343.87
457,2016-04-02,26931.0,26768.11
458,2016-04-03,25790.0,25441.93
459,2016-04-04,26137.0,26903.89
460,2016-04-05,28736.0,28069.16
461,2016-04-06,29446.0,29009.76
462,2016-04-07,30052.0,29519.88
463,2016-04-08,28446.0,29812.07
464,2016-04-09,27511.0,27514.41
465,2016-04-10,25372.0,25885.69
466,2016-04-11,25473.0,26359.33
467,2016-04-12,27662.0,27527.44
468,2016-04-13,27814.0,28032.88
469,2016-04-14,27457.0,28062.94
470,2016-04-15,27447.0,27453.53
471,2016-04-16,26553.0,27115.51
472,2016-04-17,25959.0,25006.38
473,2016-04-18,30125.0,27271.81
474,2016-04-19,31037.0,32366.85
475,2016-04-20,30952.0,30390.39
476,2016-04-21,30316.0,30843.96
477,2016-04-22,29426.0,29822.09
478,2016-04-23,27414.0,28651.42
479,2016-04-24,25678.0,25570.45
480,2016-04-25,25551.0,26875.4
481,2016-04-26,26866.0,27575.33
482,2016-04-27,27440.0,27271.6
483,2016-04-28,27467.0,27981.66
484,2016-04-29,27474.0,27604.96
485,2016-04-30,27306.0,27227.01
486,2016-05-01,25711.0,25907.8
487,2016-05-02,27460.0,26891.04
488,2016-05-03,29391.0,29721.15
489,2016-05-04,29784.0,29486.51
490,2016-05-05,28609.0,29986.78
491,2016-05-06,27732.0,28378.66
492,2016-05-07,26157.0,27387.26
493,2016-05-08,24551.0,24733.93
494,2016-05-09,25336.0,26055.71
495,2016-05-10,28160.0,27744.31
496,2016-05-11,28450.0,28805.49
497,2016-05-12,29767.0,28844.73
498,2016-05-13,30583.0,30045.83
499,2016-05-14,29046.0,30109.29
500,2016-05-15,26258.0,27202.87
501,2016-05-16,26964.0,27353.45
502,2016-05-17,29198.0,29289.31
503,2016-05-18,31070.0,29637.97
504,2016-05-19,31550.0,31580.32
505,2016-05-20,29302.0,31362.92
506,2016-05-21,27350.0,28529.34
507,2016-05-22,25193.0,25969.0
508,2016-05-23,25494.0,26691.16
509,2016-05-24,27696.0,28029.47
510,2016-05-25,27989.0,28522.75
511,2016-05-26,27897.0,28727.63
512,2016-05-27,28521.0,28373.92
513,2016-05-28,29096.0,28665.92
514,2016-05-29,27759.0,27965.39
515,2016-05-30,27496.0,29095.86
516,2016-05-31,32933.0,29727.04
517,2016-06-01,33548.0,33892.38
518,2016-06-02,36379.0,33441.62
519,2016-06-03,39130.0,36410.28
520,2016-06-04,39150.0,38061.64
521,2016-06-05,34430.0,36358.16
522,2016-06-06,33077.0,34226.34
523,2016-06-07,33572.0,34603.9
524,2016-06-08,32954.0,33478.24
525,2016-06-09,32724.0,33151.2
526,2016-06-10,30567.0,32797.55
527,2016-06-11,30161.0,30100.61
528,2016-06-12,27535.0,29153.63
529,2016-06-13,28521.0,28972.29
530,2016-06-14,29793.0,31324.95
531,2016-06-15,29078.0,30522.07
532,2016-06-16,28481.0,29998.47
533,2016-06-17,31638.0,29302.04
534,2016-06-18,31841.0,32422.66
535,2016-06-19,36070.0,30538.92
536,2016-06-20,43109.0,38051.16
537,2016-06-21,42821.0,44858.97
538,2016-06-22,40283.0,41086.58
539,2016-06-23,38067.0,39425.35
540,2016-06-24,36848.0,37303.13
541,2016-06-25,34956.0,36086.96
542,2016-06-26,36541.0,33126.79
543,2016-06-27,42064.0,38092.95
544,2016-06-28,42020.0,43974.54
545,2016-06-29,41929.0,40718.8
546,2016-06-30,41031.0,41538.91
547,2016-07-01,39794.0,40152.84
548,2016-07-02,37585.0,38712.97
549,2016-07-03,32977.0,35462.0
550,2016-07-04,31103.0,33839.25
551,2016-07-05,33229.0,33498.4
552,2016-07-06,33575.0,34329.68
553,2016-07-07,33810.0,34500.73
554,2016-07-08,34861.0,34503.06
555,2016-07-09,35025.0,35143.7
556,2016-07-10,33040.0,33871.52
557,2016-07-11,35326.0,34513.65
558,2016-07-12,35465.0,38069.24
559,2016-07-13,38993.0,35664.47
560,2016-07-14,40023.0,40143.58
561,2016-07-15,40143.0,39812.42
562,2016-07-16,38310.0,39528.65
563,2016-07-17,34101.0,36349.37
564,2016-07-18,35650.0,35131.22
565,2016-07-19,37559.0,38391.04
566,2016-07-20,39941.0,37963.41
567,2016-07-21,40907.0,40659.59
568,2016-07-22,42787.0,40741.74
569,2016-07-23,42472.0,42225.0
570,2016-07-24,40143.0,40169.12
571,2016-07-25,42720.0,40706.28
572,2016-07-26,44880.0,44610.36
573,2016-07-27,45206.0,44231.22
574,2016-07-28,45040.0,44693.22
575,2016-07-29,44353.0,44160.86
576,2016-07-30,44164.0,43045.78
577,2016-07-31,39869.0,41817.45
578,2016-08-01,40608.0,40019.96
579,2016-08-02,40554.0,42562.21
580,2016-08-03,39879.0,40179.55
581,2016-08-04,40246.0,40097.1
582,2016-08-05,37953.0,40276.57
583,2016-08-06,36066.0,37238.29
584,2016-08-07,33378.0,34723.72
585,2016-08-08,36571.0,34919.09
586,2016-08-09,36813.0,39552.05
587,2016-08-10,37063.0,36921.37
588,2016-08-11,37476.0,37890.69
589,2016-08-12,38782.0,37824.95
590,2016-08-13,38831.0,38710.99
591,2016-08-14,39021.0,37192.44
592,2016-08-15,42829.0,40243.42
593,2016-08-16,42783.0,44758.72
594,2016-08-17,41997.0,41818.2
595,2016-08-18,41393.0,41752.35
596,2016-08-19,40454.0,40866.98
597,2016-08-20,38758.0,39553.81
598,2016-08-21,34444.0,36756.55
599,2016-08-22,36814.0,35284.83
600,2016-08-23,37043.0,39462.01
601,2016-08-24,37645.0,36927.01
602,2016-08-25,37597.0,38234.28
603,2016-08-26,35513.0,37565.27
604,2016-08-27,32765.0,34960.79
605,2016-08-28,31763.0,31396.22
606,2016-08-29,38612.0,33644.95
607,2016-08-30,40344.0,41655.06
608,2016-08-31,40327.0,39660.54
609,2016-09-01,39749.0,40151.09
610,2016-09-02,36836.0,39130.94
611,2016-09-03,34629.0,35731.01
612,2016-09-04,29018.0,32953.96
613,2016-09-05,27162.0,30022.14
614,2016-09-06,33867.0,29964.58
615,2016-09-07,35991.0,35637.83
616,2016-09-08,36041.0,36327.09
617,2016-09-09,35519.0,35924.91
618,2016-09-10,35381.0,34919.85
619,2016-09-11,33023.0,33709.85
620,2016-09-12,31020.0,33874.23
621,2016-09-13,30732.0,32843.96
622,2016-09-14,29318.0,31194.87
623,2016-09-15,30419.0,30075.39
624,2016-09-16,31662.0,31301.38
625,2016-09-17,31532.0,31756.76
626,2016-09-18,35249.0,30174.83
627,2016-09-19,38080.0,36970.92
628,2016-09-20,37330.0,39351.43
629,2016-09-21,34895.0,36249.13
630,2016-09-22,33708.0,34438.3
631,2016-09-23,30010.0,33388.27
632,2016-09-24,30191.0,29160.19
633,2016-09-25,34347.0,29187.07
634,2016-09-26,42064.0,36007.5
635,2016-09-27,41962.0,43655.41
636,2016-09-28,39932.0,39784.9
637,2016-09-29,38292.0,38627.73
638,2016-09-30,37127.0,36922.25
639,2016-10-01,34473.0,35588.26
640,2016-10-02,29786.0,31792.34
641,2016-10-03,27287.0,30143.85
642,2016-10-04,29267.0,29055.68
643,2016-10-05,29604.0,29898.7
644,2016-10-06,29350.0,29997.84
645,2016-10-07,30674.0,29440.61
646,2016-10-08,31016.0,30479.42
647,2016-10-09,30431.0,29259.88
648,2016-10-10,31683.0,31305.5
649,2016-10-11,32050.0,33282.05
650,2016-10-12,29429.0,31532.77
651,2016-10-13,29033.0,29164.54
652,2016-10-14,29427.0,29129.44
653,2016-10-15,28594.0,29033.57
654,2016-10-16,27205.0,26881.87
655,2016-10-17,26831.0,28291.5
656,2016-10-18,28886.0,28670.42
657,2016-10-19,28711.0,29208.81
658,2016-10-20,31487.0,28851.03
659,2016-10-21,32561.0,31689.48
660,2016-10-22,31343.0,31537.66
661,2016-10-23,27112.0,28986.36
662,2016-10-24,27064.0,27476.81
663,2016-10-25,28893.0,29009.88
664,2016-10-26,29267.0,28993.62
665,2016-10-27,29662.0,29383.56
666,2016-10-28,29716.0,29462.63
667,2016-10-29,28309.0,28982.24
668,2016-10-30,27277.0,26336.36
669,2016-10-31,26024.0,28272.95
670,2016-11-01,28040.0,27566.4
671,2016-11-02,27957.0,28375.65
672,2016-11-03,28955.0,28054.08
673,2016-11-04,29134.0,28981.57
674,2016-11-05,28762.0,28410.42
675,2016-11-06,26223.0,26899.9
676,2016-11-07,28347.0,26912.77
677,2016-11-08,30368.0,30394.25
678,2016-11-09,31219.0,30050.26
679,2016-11-10,33199.0,31052.49
680,2016-11-11,32167.0,32673.5
681,2016-11-12,30039.0,30617.54
682,2016-11-13,27012.0,27632.87
683,2016-11-14,28832.0,27537.42
684,2016-11-15,30767.0,30725.11
685,2016-11-16,29381.0,30370.36
686,2016-11-17,28587.0,28977.5
687,2016-11-18,28658.0,28278.1
688,2016-11-19,27735.0,28042.76
689,2016-11-20,26006.0,25864.08
690,2016-11-21,25960.0,26927.01
691,2016-11-22,28318.0,27772.47
692,2016-11-23,28379.0,28538.81
693,2016-11-24,27991.0,28395.19
694,2016-11-25,23478.0,27795.17
695,2016-11-26,26110.0,22625.49
696,2016-11-27,26298.0,25606.06
697,2016-11-28,26698.0,27314.5
698,2016-11-29,29199.0,28470.24
699,2016-11-30,29209.0,29301.46
700,2016-12-01,29179.0,29087.33
701,2016-12-02,29170.0,28892.21
702,2016-12-03,28665.0,28436.76
703,2016-12-04,26632.0,26764.06
704,2016-12-05,27111.0,27375.88
705,2016-12-06,29978.0,28920.21
706,2016-12-07,29945.0,30036.12
707,2016-12-08,30458.0,29698.98
708,2016-12-09,29839.0,30120.36
709,2016-12-10,28930.0,28842.56
710,2016-12-11,27042.0,26959.5
711,2016-12-12,26968.0,27787.84
712,2016-12-13,29691.0,28675.49
713,2016-12-14,29736.0,29817.33
714,2016-12-15,29628.0,29556.38
715,2016-12-16,30712.0,29290.0
716,2016-12-17,29121.0,30024.27
717,2016-12-18,27931.0,26865.34
718,2016-12-19,28198.0,28793.2
719,2016-12-20,30545.0,29753.13
720,2016-12-21,29962.0,30460.79
721,2016-12-22,29446.0,29643.66
722,2016-12-23,29082.0,29089.36
723,2016-12-24,28776.0,28349.31
724,2016-12-25,26549.0,26964.28
725,2016-12-26,25411.0,27288.38
726,2016-12-27,27875.0,27154.99
727,2016-12-28,28702.0,28307.45
728,2016-12-29,28348.0,28881.88
729,2016-12-30,28187.0,28121.8
730,2016-12-31,27571.0,27655.35
731,2017-01-01,26831.0,25868.32
732,2017-01-02,25700.0,27892.2
733,2017-01-03,28101.0,27302.33
734,2017-01-04,30278.0,28507.6
735,2017-01-05,29604.0,30519.08
736,2017-01-06,29391.0,29021.88
737,2017-01-07,28855.0,28696.73
738,2017-01-08,27063.0,26950.36
739,2017-01-09,26609.0,27840.35
740,2017-01-10,29218.0,28295.16
741,2017-01-11,29632.0,29431.27
742,2017-01-12,28664.0,29563.85
743,2017-01-13,29628.0,28262.9
744,2017-01-14,28600.0,29147.23
745,2017-01-15,26426.0,26546.2
746,2017-01-16,26282.0,27250.93
747,2017-01-17,28722.0,28088.0
748,2017-01-18,29293.0,28939.55
749,2017-01-19,30251.0,29317.83
750,2017-01-20,28878.0,30017.16
751,2017-01-21,29532.0,27851.33
752,2017-01-22,26610.0,27873.06
753,2017-01-23,28281.0,27071.21
754,2017-01-24,30291.0,30288.7
755,2017-01-25,29759.0,30009.49
756,2017-01-26,29580.0,29511.11
757,2017-01-27,29011.0,29227.67
758,2017-01-28,27990.0,28190.22
759,2017-01-29,25930.0,26120.47
760,2017-01-30,25976.0,26796.78
761,2017-01-31,28753.0,27844.3
762,2017-02-01,28557.0,29002.89
763,2017-02-02,28816.0,28472.37
764,2017-02-03,28672.0,28668.55
765,2017-02-04,28131.0,27957.05
766,2017-02-05,25432.0,26312.17
767,2017-02-06,25911.0,26185.68
768,2017-02-07,29457.0,27919.94
769,2017-02-08,28810.0,29718.77
770,2017-02-09,29006.0,28529.65
771,2017-02-10,28947.0,28837.21
772,2017-02-11,27701.0,28186.66
773,2017-02-12,25660.0,25773.77
774,2017-02-13,25505.0,26560.45
775,2017-02-14,28212.0,27358.75
776,2017-02-15,27838.0,28514.75
777,2017-02-16,28244.0,27794.14
778,2017-02-17,27875.0,28201.35
779,2017-02-18,28889.0,27193.15
780,2017-02-19,25739.0,27291.88
781,2017-02-20,26302.0,26216.82
782,2017-02-21,28291.0,28302.95
783,2017-02-22,28420.0,28327.85
784,2017-02-23,28248.0,28457.36
785,2017-02-24,28308.0,28012.8
786,2017-02-25,27311.0,27696.9
787,2017-02-26,26209.0,25462.68
788,2017-02-27,26061.0,27212.28
789,2017-02-28,29009.0,27758.94
790,2017-03-01,27647.0,29239.81
791,2017-03-02,28198.0,27371.5
792,2017-03-03,27852.0,28247.38
793,2017-03-04,27149.0,27137.65
794,2017-03-05,25699.0,25434.49
795,2017-03-06,26229.0,26663.21
796,2017-03-07,28422.0,28086.1
797,2017-03-08,28029.0,28514.28
798,2017-03-09,28124.0,27974.3
799,2017-03-10,28448.0,28000.31
800,2017-03-11,27500.0,27841.17
801,2017-03-12,25848.0,25617.58
802,2017-03-13,26357.0,26773.76
803,2017-03-14,29019.0,28195.24
804,2017-03-15,29498.0,29128.06
805,2017-03-16,29194.0,29388.64
806,2017-03-17,28534.0,28768.83
807,2017-03-18,27889.0,27730.14
808,2017-03-19,25811.0,26068.13
809,2017-03-20,25809.0,26617.84
810,2017-03-21,27987.0,27651.38
811,2017-03-22,27711.0,28174.84
812,2017-03-23,26993.0,27735.85
813,2017-03-24,27148.0,26862.43
814,2017-03-25,26871.0,26769.95
815,2017-03-26,24549.0,25250.51
816,2017-03-27,24929.0,25486.24
817,2017-03-28,26997.0,27014.48
818,2017-03-29,27122.0,27292.03
819,2017-03-30,27716.0,27351.85
820,2017-03-31,26488.0,27754.24
821,2017-04-01,25834.0,25832.19
822,2017-04-02,25008.0,24409.97
823,2017-04-03,25838.0,26225.47
824,2017-04-04,27283.0,27813.43
825,2017-04-05,28007.0,27398.45
826,2017-04-06,28639.0,28293.05
827,2017-04-07,28082.0,28509.15
828,2017-04-08,26689.0,27357.26
829,2017-04-09,24582.0,24933.69
830,2017-04-10,24877.0,25646.4
831,2017-04-11,27382.0,26955.02
832,2017-04-12,27780.0,27766.76
833,2017-04-13,27621.0,27977.73
834,2017-04-14,26743.0,27532.13
835,2017-04-15,25797.0,26218.59
836,2017-04-16,25085.0,24322.16
837,2017-04-17,25303.0,26392.83
838,2017-04-18,28109.0,27250.43
839,2017-04-19,27712.0,28508.53
840,2017-04-20,27793.0,27744.88
841,2017-04-21,27614.0,27824.51
842,2017-04-22,28424.0,27119.79
843,2017-04-23,27238.0,26930.26
844,2017-04-24,25926.0,28057.48
845,2017-04-25,27588.0,27529.75
846,2017-04-26,27348.0,27931.24
847,2017-04-27,27769.0,27572.45
848,2017-04-28,27908.0,27910.71
849,2017-04-29,27180.0,27479.41
850,2017-04-30,26248.0,25575.89
851,2017-05-01,28978.0,27432.36
852,2017-05-02,31333.0,31087.6
853,2017-05-03,34158.0,31070.16
854,2017-05-04,34278.0,34125.0
855,2017-05-05,32548.0,33207.56
856,2017-05-06,27785.0,31113.9
857,2017-05-07,24540.0,25352.96
858,2017-05-08,25027.0,25754.29
859,2017-05-09,27980.0,27369.23
860,2017-05-10,28606.0,28591.31
861,2017-05-11,27864.0,28947.79
862,2017-05-12,27883.0,27846.85
863,2017-05-13,26524.0,27684.27
864,2017-05-14,24641.0,25039.69
865,2017-05-15,24523.0,26066.86
866,2017-05-16,27157.0,26857.15
867,2017-05-17,27334.0,27969.71
868,2017-05-18,27257.0,27876.0
869,2017-05-19,28776.0,27616.44
870,2017-05-20,29558.0,28842.57
871,2017-05-21,30563.0,28104.16
872,2017-05-22,34790.0,31776.18
873,2017-05-23,34986.0,36579.01
874,2017-05-24,34815.0,33908.38
875,2017-05-25,30116.0,34476.94
876,2017-05-26,27955.0,29088.06
877,2017-05-27,26716.0,27741.87
878,2017-05-28,25829.0,25549.27
879,2017-05-29,26766.0,27544.21
880,2017-05-30,27880.0,29232.15
881,2017-05-31,29188.0,28449.64
882,2017-06-01,28287.0,30100.4
883,2017-06-02,31448.0,28483.6
884,2017-06-03,31638.0,31851.72
885,2017-06-04,29489.0,29887.34
886,2017-06-05,30869.0,30513.47
887,2017-06-06,31607.0,33077.39
888,2017-06-07,30635.0,31627.46
889,2017-06-08,29870.0,31005.23
890,2017-06-09,28902.0,30155.97
891,2017-06-10,28335.0,28871.82
892,2017-06-11,25558.0,27378.5
893,2017-06-12,25091.0,27159.41
894,2017-06-13,27664.0,27928.19
895,2017-06-14,31849.0,28989.57
896,2017-06-15,34311.0,33253.25
897,2017-06-16,37710.0,34539.05
898,2017-06-17,37841.0,37357.57
899,2017-06-18,37363.0,35458.56
900,2017-06-19,43500.0,37932.28
901,2017-06-20,44203.0,45162.22
902,2017-06-21,44033.0,42332.23
903,2017-06-22,42009.0,42957.8
904,2017-06-23,40529.0,40425.91
905,2017-06-24,38398.0,39041.9
906,2017-06-25,35462.0,35865.45
907,2017-06-26,38613.0,36040.34
908,2017-06-27,38881.0,40671.66
909,2017-06-28,36759.0,38109.08
910,2017-06-29,34100.0,36557.59
911,2017-06-30,33776.0,33922.32
912,2017-07-01,33621.0,33804.88
913,2017-07-02,30283.0,32409.22
914,2017-07-03,34516.0,31613.54
915,2017-07-04,35129.0,37675.93
916,2017-07-05,37668.0,35101.74
917,2017-07-06,40833.0,38564.84
918,2017-07-07,44456.0,40815.8
919,2017-07-08,44385.0,43589.68
920,2017-07-09,41795.0,41454.59
921,2017-07-10,42159.0,41765.92
922,2017-07-11,42156.0,43360.96
923,2017-07-12,40461.0,41314.58
924,2017-07-13,39711.0,40075.27
925,2017-07-14,39589.0,39396.67
926,2017-07-15,39415.0,38949.64
927,2017-07-16,38187.0,37590.25
928,2017-07-17,41296.0,39108.65
929,2017-07-18,41246.0,43323.33
930,2017-07-19,38962.0,40504.4
931,2017-07-20,38965.0,38831.23
932,2017-07-21,38594.0,39071.38
933,2017-07-22,38352.0,38099.69
934,2017-07-23,38110.0,36804.67
935,2017-07-24,37995.0,39353.27
936,2017-07-25,37465.0,39789.29
937,2017-07-26,39661.0,37491.52
938,2017-07-27,41269.0,40488.74
939,2017-07-28,41636.0,41171.37
940,2017-07-29,39151.0,40859.95
941,2017-07-30,36072.0,36972.69
942,2017-07-31,40330.0,37158.11
943,2017-08-01,43301.0,42963.72
944,2017-08-02,43156.0,42935.35
945,2017-08-03,44004.0,42787.86
946,2017-08-04,43402.0,43502.37
947,2017-08-05,40446.0,42132.31
948,2017-08-06,36260.0,38016.58
949,2017-08-07,38401.0,37073.04
950,2017-08-08,39478.0,40882.33
951,2017-08-09,39539.0,39369.64
952,2017-08-10,39169.0,39835.54
953,2017-08-11,39653.0,39066.25
954,2017-08-12,39570.0,39259.73
955,2017-08-13,35402.0,37787.68
956,2017-08-14,34356.0,36132.42
957,2017-08-15,34356.0,36666.6
958,2017-08-16,33029.0,34901.48
959,2017-08-17,35745.0,33926.82
960,2017-08-18,36758.0,36871.77
961,2017-08-19,36716.0,36615.8
962,2017-08-20,33285.0,35312.3
963,2017-08-21,34458.0,34369.74
964,2017-08-22,37381.0,37101.17
965,2017-08-23,37393.0,37876.09
966,2017-08-24,36214.0,37650.16
967,2017-08-25,36405.0,36184.42
968,2017-08-26,39185.0,36241.05
969,2017-08-27,39974.0,37866.68
970,2017-08-28,46292.0,40692.7
971,2017-08-29,46153.0,47965.03
972,2017-08-30,45542.0,44142.85
973,2017-08-31,45403.0,44495.3
974,2017-09-01,49259.0,43984.42
975,2017-09-02,48581.0,47688.17
976,2017-09-03,46225.0,44578.11
977,2017-09-04,40904.0,45376.47
978,2017-09-05,42002.0,40679.61
979,2017-09-06,41888.0,41465.63
980,2017-09-07,40004.0,41094.35
981,2017-09-08,37310.0,38907.67
982,2017-09-09,35800.0,36057.97
983,2017-09-10,38062.0,33876.02
984,2017-09-11,42784.0,39294.75
985,2017-09-12,42375.0,44110.31
986,2017-09-13,39835.0,40684.89
987,2017-09-14,33477.0,38854.65
988,2017-09-15,31192.0,32271.12
989,2017-09-16,30023.0,31038.88
990,2017-09-17,28901.0,28805.62
991,2017-09-18,30624.0,30528.33
992,2017-09-19,31096.0,33094.21
993,2017-09-20,30531.0,31286.98
994,2017-09-21,30333.0,31127.93
995,2017-09-22,28548.0,30692.24
996,2017-09-23,27621.0,28347.35
997,2017-09-24,26516.0,26687.31
998,2017-09-25,29601.0,28248.13
999,2017-09-26,31536.0,32331.74
1000,2017-09-27,33331.0,31690.01
1001,2017-09-28,34123.0,33759.54
1002,2017-09-29,34161.0,33781.07
1003,2017-09-30,32584.0,33268.98
1004,2017-10-01,28938.0,30405.0
1005,2017-10-02,28285.0,29604.34
1006,2017-10-03,30088.0,30282.45
1007,2017-10-04,29003.0,30445.97
1008,2017-10-05,29793.0,29199.29
1009,2017-10-06,30850.0,30130.97
1010,2017-10-07,31375.0,30475.33
1011,2017-10-08,30004.0,29638.76
1012,2017-10-09,28506.0,30734.97
1013,2017-10-10,30459.0,29991.91
1014,2017-10-11,30439.0,30707.22
1015,2017-10-12,29624.0,30461.87
1016,2017-10-13,29162.0,29400.54
1017,2017-10-14,28372.0,28663.23
1018,2017-10-15,27460.0,26731.67
1019,2017-10-16,32378.0,28593.91
1020,2017-10-17,32920.0,34588.67
1021,2017-10-18,32258.0,31922.59
1022,2017-10-19,31557.0,31913.05
1023,2017-10-20,29943.0,30916.84
1024,2017-10-21,27372.0,28933.04
1025,2017-10-22,26363.0,25445.18
1026,2017-10-23,35307.0,27616.92
1027,2017-10-24,38369.0,37898.28
1028,2017-10-25,38564.0,36722.33
1029,2017-10-26,37263.0,37237.91
1030,2017-10-27,33992.0,35465.16
1031,2017-10-28,31773.0,31928.88
1032,2017-10-29,28550.0,29228.19
1033,2017-10-30,27140.0,28855.17
1034,2017-10-31,28602.0,28616.51
1035,2017-11-01,27766.0,28693.11
1036,2017-11-02,28366.0,27761.06
1037,2017-11-03,27911.0,28425.78
1038,2017-11-04,27558.0,27246.86
1039,2017-11-05,25549.0,25925.9
1040,2017-11-06,25793.0,26444.04
1041,2017-11-07,28515.0,27743.07
1042,2017-11-08,28640.0,28770.98
1043,2017-11-09,29367.0,28617.71
1044,2017-11-10,28497.0,29211.21
1045,2017-11-11,27661.0,27611.11
1046,2017-11-12,25790.0,25891.5
1047,2017-11-13,26038.0,26672.26
1048,2017-11-14,29153.0,27909.17
1049,2017-11-15,28794.0,29378.99
1050,2017-11-16,29307.0,28589.23
1051,2017-11-17,29508.0,29129.59
1052,2017-11-18,28297.0,28694.74
1053,2017-11-19,26443.0,26259.96
1054,2017-11-20,26174.0,27263.32
1055,2017-11-21,28907.0,27885.25
1056,2017-11-22,29295.0,29114.04
1057,2017-11-23,30978.0,29195.51
1058,2017-11-24,26197.0,30757.72
1059,2017-11-25,27267.0,24720.87
1060,2017-11-26,26668.0,26243.35
1061,2017-11-27,26979.0,27515.25
1062,2017-11-28,28508.0,28695.8
1063,2017-11-29,29749.0,28472.67
1064,2017-11-30,29088.0,29869.41
1065,2017-12-01,28849.0,28557.84
1066,2017-12-02,28807.0,28159.05
1067,2017-12-03,27345.0,26965.81
1068,2017-12-04,27004.0,28065.38
1069,2017-12-05,30066.0,28591.19
1070,2017-12-06,29576.0,30196.29
1071,2017-12-07,29947.0,29234.86
1072,2017-12-08,29739.0,29673.64
1073,2017-12-09,29264.0,28831.82
1074,2017-12-10,27378.0,27293.67
1075,2017-12-11,27509.0,28034.73
1076,2017-12-12,30085.0,29170.29
1077,2017-12-13,30165.0,30082.01
1078,2017-12-14,30222.0,29921.94
1079,2017-12-15,29556.0,29805.29
1080,2017-12-16,29402.0,28623.47
1081,2017-12-17,27139.0,27519.58
1082,2017-12-18,27099.0,27737.37
1083,2017-12-19,29814.0,28828.62
1084,2017-12-20,30257.0,29904.46
1085,2017-12-21,30140.0,30088.56
1086,2017-12-22,30024.0,29690.57
1087,2017-12-23,29220.0,29173.24
1088,2017-12-24,26935.0,27193.77
1089,2017-12-25,26118.0,27621.72
1090,2017-12-26,25505.0,27810.96
1091,2017-12-27,28388.0,25558.77
1092,2017-12-28,28757.0,29279.0
1093,2017-12-29,28429.0,28432.82
1094,2017-12-30,27885.0,27810.49
1095,2017-12-31,26106.0,26141.88
1096,2018-01-01,25956.0,27014.85
1097,2018-01-02,25508.0,27799.86
1098,2018-01-03,28953.0,25562.69
1099,2018-01-04,29174.0,29884.39
1100,2018-01-05,28824.0,28711.86
1101,2018-01-06,28300.0,28152.76
1102,2018-01-07,26129.0,26485.49
1103,2018-01-08,26583.0,26938.61
1104,2018-01-09,29372.0,28492.77
1105,2018-01-10,29026.0,29522.08
1106,2018-01-11,28525.0,28867.5
1107,2018-01-12,28264.0,28281.95
1108,2018-01-13,27752.0,27658.84
1109,2018-01-14,26041.0,26023.25
1110,2018-01-15,25960.0,26957.04
1111,2018-01-16,28570.0,27797.81
1112,2018-01-17,28227.0,28833.96
1113,2018-01-18,28378.0,28179.29
1114,2018-01-19,28219.0,28293.67
1115,2018-01-20,27437.0,27589.19
1116,2018-01-21,26040.0,25687.59
1117,2018-01-22,26692.0,27028.29
1118,2018-01-23,28428.0,28552.3
1119,2018-01-24,28230.0,28454.99
1120,2018-01-25,28987.0,28264.72
1121,2018-01-26,28649.0,28903.74
1122,2018-01-27,27636.0,27863.52
1123,2018-01-28,25798.0,25804.85
1124,2018-01-29,26022.0,26713.7
1125,2018-01-30,29200.0,27890.07
1126,2018-01-31,28430.0,29444.47
1127,2018-02-01,27979.0,28189.64
1128,2018-02-02,28430.0,27819.62
1129,2018-02-03,27676.0,27901.41
1130,2018-02-04,25806.0,25815.59
1131,2018-02-05,25227.0,26697.83
1132,2018-02-06,28454.0,27010.27
1133,2018-02-07,28431.0,28860.84
1134,2018-02-08,28587.0,28327.1
1135,2018-02-09,28525.0,28413.92
1136,2018-02-10,27646.0,27820.9
1137,2018-02-11,25371.0,25785.26
1138,2018-02-12,25636.0,26216.61
1139,2018-02-13,28547.0,27566.2
1140,2018-02-14,28409.0,28789.56
1141,2018-02-15,27939.0,28304.51
1142,2018-02-16,27887.0,27706.29
1143,2018-02-17,27240.0,27311.79
1144,2018-02-18,25102.0,25472.94
1145,2018-02-19,25467.0,25994.63
1146,2018-02-20,29144.0,27427.26
1147,2018-02-21,30119.0,29454.55
1148,2018-02-22,29235.0,29946.06
1149,2018-02-23,29628.0,28639.01
1150,2018-02-24,28862.0,28912.55
1151,2018-02-25,26507.0,26758.95
1152,2018-02-26,26174.0,27152.14
1153,2018-02-27,29411.0,27870.94
1154,2018-02-28,29285.0,29614.54
1155,2018-03-01,28811.0,29002.08
1156,2018-03-02,28674.0,28435.69
1157,2018-03-03,28332.0,27941.74
1158,2018-03-04,26090.0,26452.94
1159,2018-03-05,26177.0,26782.54
1160,2018-03-06,28526.0,27972.58
1161,2018-03-07,27939.0,28632.52
1162,2018-03-08,27943.0,27821.0
1163,2018-03-09,27433.0,27822.91
1164,2018-03-10,27063.0,26776.63
1165,2018-03-11,25725.0,25414.01
1166,2018-03-12,24780.0,26671.03
1167,2018-03-13,28406.0,26486.64
1168,2018-03-14,28054.0,28909.93
1169,2018-03-15,27631.0,27869.08
1170,2018-03-16,27485.0,27475.15
1171,2018-03-17,27153.0,26927.82
1172,2018-03-18,25079.0,25471.01
1173,2018-03-19,25992.0,25960.33
1174,2018-03-20,27169.0,27999.7
1175,2018-03-21,28124.0,27169.46
1176,2018-03-22,27745.0,28423.26
1177,2018-03-23,26974.0,27452.81
1178,2018-03-24,26014.0,26392.49
1179,2018-03-25,24548.0,24408.23
1180,2018-03-26,24708.0,25684.27
1181,2018-03-27,26797.0,26688.67
1182,2018-03-28,26710.0,27133.78
1183,2018-03-29,26934.0,26919.56
1184,2018-03-30,27359.0,26998.74
1185,2018-03-31,26905.0,26938.1
1186,2018-04-01,24832.0,25221.45
1187,2018-04-02,24009.0,25781.01
1188,2018-04-03,27339.0,25916.41
1189,2018-04-04,27395.0,27943.76
1190,2018-04-05,27630.0,27452.21
1191,2018-04-06,27677.0,27619.51
1192,2018-04-07,27002.0,27129.53
1193,2018-04-08,25022.0,25293.64
1194,2018-04-09,27165.0,25988.58
1195,2018-04-10,29826.0,29311.27
1196,2018-04-11,29583.0,29718.41
1197,2018-04-12,28514.0,29351.73
1198,2018-04-13,27282.0,28086.11
1199,2018-04-14,26638.0,26614.67
1200,2018-04-15,25671.0,25080.73
1201,2018-04-16,25492.0,26786.51
1202,2018-04-17,27145.0,27316.24
1203,2018-04-18,27056.0,27420.2
1204,2018-04-19,27352.0,27301.79
1205,2018-04-20,26719.0,27437.14
1206,2018-04-21,26313.0,26230.59
1207,2018-04-22,25917.0,24883.35
1208,2018-04-23,27757.0,27155.07
1209,2018-04-24,29492.0,29724.11
1210,2018-04-25,29105.0,29344.2
1211,2018-04-26,28978.0,29041.29
1212,2018-04-27,28228.0,28774.04
1213,2018-04-28,26778.0,27552.42
1214,2018-04-29,24962.0,25091.73
1215,2018-04-30,24924.0,26137.18
1216,2018-05-01,27388.0,27002.68
1217,2018-05-02,27621.0,27898.91
1218,2018-05-03,27871.0,27916.87
1219,2018-05-04,27936.0,27971.15
1220,2018-05-05,29482.0,27540.32
1221,2018-05-06,27831.0,28066.22
1222,2018-05-07,27715.0,28514.59
1223,2018-05-08,29906.0,29478.53
1224,2018-05-09,30482.0,30035.92
1225,2018-05-10,30171.0,30519.95
1226,2018-05-11,29119.0,29847.17
1227,2018-05-12,27671.0,28416.85
1228,2018-05-13,25830.0,26016.02
1229,2018-05-14,25301.0,27036.44
1230,2018-05-15,28040.0,27388.16
1231,2018-05-16,28259.0,28726.28
1232,2018-05-17,28017.0,28616.0
1233,2018-05-18,28134.0,28182.67
1234,2018-05-19,28090.0,27946.92
1235,2018-05-20,26041.0,26727.34
1236,2018-05-21,25875.0,27212.03
1237,2018-05-22,28139.0,28110.04
1238,2018-05-23,28362.0,28786.16
1239,2018-05-24,28334.0,28864.89
1240,2018-05-25,27991.0,28613.78
1241,2018-05-26,26649.0,27837.06
1242,2018-05-27,24986.0,25380.54
1243,2018-05-28,26938.0,26603.79
1244,2018-05-29,31496.0,29603.97
1245,2018-05-30,31927.0,32171.79
1246,2018-05-31,28784.0,31961.41
1247,2018-06-01,27861.0,28445.54
1248,2018-06-02,28979.0,27929.54
1249,2018-06-03,31036.0,28035.26
1250,2018-06-04,32474.0,32619.69
1251,2018-06-05,32493.0,34162.0
1252,2018-06-06,30461.0,32210.89
1253,2018-06-07,29753.0,30585.15
1254,2018-06-08,30783.0,30069.26
1255,2018-06-09,31494.0,30843.08
1256,2018-06-10,28189.0,30149.72
1257,2018-06-11,32550.0,29182.22
1258,2018-06-12,35847.0,35420.25
1259,2018-06-13,36438.0,35698.01
1260,2018-06-14,36850.0,36292.06
1261,2018-06-15,35643.0,36377.76
1262,2018-06-16,31912.0,34580.45
1263,2018-06-17,26677.0,29827.13
1264,2018-06-18,28214.0,27871.35
1265,2018-06-19,31661.0,31304.0
1266,2018-06-20,32954.0,32553.02
1267,2018-06-21,33699.0,33637.59
1268,2018-06-22,36661.0,33948.45
1269,2018-06-23,37173.0,36566.74
1270,2018-06-24,33023.0,35131.23
1271,2018-06-25,32969.0,33515.64
1272,2018-06-26,34159.0,35153.38
1273,2018-06-27,34887.0,34430.09
1274,2018-06-28,34036.0,35442.25
1275,2018-06-29,32416.0,34053.38
1276,2018-06-30,32821.0,32207.34
1277,2018-07-01,32653.0,31886.46
1278,2018-07-02,33924.0,34220.23
1279,2018-07-03,34572.0,36213.19
1280,2018-07-04,33057.0,34800.48
1281,2018-07-05,36870.0,33579.27
1282,2018-07-06,44353.0,37821.36
1283,2018-07-07,44486.0,44204.13
1284,2018-07-08,40722.0,41295.75
1285,2018-07-09,41211.0,40556.79
1286,2018-07-10,41246.0,42569.74
1287,2018-07-11,41288.0,40455.32
1288,2018-07-12,41354.0,41100.87
1289,2018-07-13,41137.0,40787.43
1290,2018-07-14,40922.0,40139.68
1291,2018-07-15,38563.0,38788.11
1292,2018-07-16,40929.0,39099.84
1293,2018-07-17,41220.0,42842.42
1294,2018-07-18,41268.0,40522.21
1295,2018-07-19,41773.0,41222.61
1296,2018-07-20,41720.0,41357.96
1297,2018-07-21,40142.0,40755.56
1298,2018-07-22,37501.0,37926.68
1299,2018-07-23,44611.0,38319.35
1300,2018-07-24,45616.0,47168.08
1301,2018-07-25,45549.0,44180.5
1302,2018-07-26,45551.0,44932.35
1303,2018-07-27,43076.0,44504.83
1304,2018-07-28,42781.0,41451.95
1305,2018-07-29,38012.0,40642.86
1306,2018-07-30,42391.0,38212.77
1307,2018-07-31,43061.0,44865.91
1308,2018-08-01,42976.0,42126.7
1309,2018-08-02,42802.0,42781.01
1310,2018-08-03,41820.0,42181.94
1311,2018-08-04,41987.0,40764.61
1312,2018-08-05,38863.0,40000.77
1313,2018-08-06,43440.0,39312.14
1314,2018-08-07,43503.0,45697.04
1315,2018-08-08,43339.0,42368.2
1316,2018-08-09,44891.0,43088.05
1317,2018-08-10,44204.0,44314.0
1318,2018-08-11,43126.0,42705.73
1319,2018-08-12,39525.0,40648.86
1320,2018-08-13,39357.0,39798.87
1321,2018-08-14,39500.0,41086.01
1322,2018-08-15,38854.0,39249.13
1323,2018-08-16,40156.0,39035.22
1324,2018-08-17,41973.0,40242.06
1325,2018-08-18,42012.0,41319.14
1326,2018-08-19,39134.0,39722.92
1327,2018-08-20,39600.0,39508.42
1328,2018-08-21,39596.0,41298.17
1329,2018-08-22,37943.0,39157.98
1330,2018-08-23,37819.0,37936.16
1331,2018-08-24,37015.0,37876.35
1332,2018-08-25,34620.0,36482.23
1333,2018-08-26,32612.0,32967.05
1334,2018-08-27,33594.0,34133.68
1335,2018-08-28,34155.0,36073.62
1336,2018-08-29,35783.0,34521.74
1337,2018-08-30,36241.0,36665.26
1338,2018-08-31,34990.0,36309.04
1339,2018-09-01,34798.0,34512.29
1340,2018-09-02,31395.0,33463.64
1341,2018-09-03,32423.0,32452.99
1342,2018-09-04,35275.0,35026.36
1343,2018-09-05,35226.0,35770.8
1344,2018-09-06,35039.0,35477.85
1345,2018-09-07,37896.0,35089.58
1346,2018-09-08,37853.0,37711.36
1347,2018-09-09,36899.0,35606.43
1348,2018-09-10,36761.0,37550.81
1349,2018-09-11,36826.0,38072.94
1350,2018-09-12,34858.0,36355.04
1351,2018-09-13,33055.0,34668.19
1352,2018-09-14,34297.0,32920.11
1353,2018-09-15,34305.0,34178.49
1354,2018-09-16,30843.0,32514.27
1355,2018-09-17,32394.0,31600.04
1356,2018-09-18,32911.0,34706.13
1357,2018-09-19,32332.0,32789.58
1358,2018-09-20,33763.0,32646.62
1359,2018-09-21,34243.0,33958.46
1360,2018-09-22,34296.0,33565.21
1361,2018-09-23,32571.0,32401.24
1362,2018-09-24,32067.0,33226.24
1363,2018-09-25,32588.0,33638.68
1364,2018-09-26,34535.0,32467.54
1365,2018-09-27,35308.0,34843.36
1366,2018-09-28,35314.0,34759.15
1367,2018-09-29,32757.0,34239.5
1368,2018-09-30,28777.0,30330.11
1369,2018-10-01,34213.0,29451.9
1370,2018-10-02,34239.0,36758.72
1371,2018-10-03,32057.0,33154.25
1372,2018-10-04,30732.0,31753.56
1373,2018-10-05,29973.0,30451.36
1374,2018-10-06,29274.0,29452.45
1375,2018-10-07,26674.0,27677.66
1376,2018-10-08,27661.0,27677.22
1377,2018-10-09,29777.0,29910.07
1378,2018-10-10,29473.0,29993.3
1379,2018-10-11,28962.0,29613.48
1380,2018-10-12,28780.0,28914.37
1381,2018-10-13,28867.0,28379.14
1382,2018-10-14,25999.0,27329.36
1383,2018-10-15,26350.0,26844.12
1384,2018-10-16,28804.0,28519.21
1385,2018-10-17,28990.0,29134.5
1386,2018-10-18,29317.0,29142.23
1387,2018-10-19,29718.0,29244.71
1388,2018-10-20,29865.0,29122.56
1389,2018-10-21,27990.0,28026.9
1390,2018-10-22,27403.0,28643.57
1391,2018-10-23,29469.0,29016.65
1392,2018-10-24,29704.0,29567.86
1393,2018-10-25,30161.0,29651.91
1394,2018-10-26,29965.0,29878.74
1395,2018-10-27,30229.0,29087.9
1396,2018-10-28,27924.0,28303.85
1397,2018-10-29,27274.0,28382.38
1398,2018-10-30,29247.0,28839.26
1399,2018-10-31,29096.0,29274.14
1400,2018-11-01,28440.0,28980.72
1401,2018-11-02,29416.0,28121.21
1402,2018-11-03,29513.0,28890.49
1403,2018-11-04,27523.0,27512.59
1404,2018-11-05,27281.0,28088.95
1405,2018-11-06,29405.0,28854.85
1406,2018-11-07,29294.0,29372.75
1407,2018-11-08,28966.0,29104.93
1408,2018-11-09,29338.0,28595.72
1409,2018-11-10,28563.0,28626.08
1410,2018-11-11,26072.0,26526.12
1411,2018-11-12,25783.0,26750.84
1412,2018-11-13,28736.0,27557.8
1413,2018-11-14,28693.0,28972.29
1414,2018-11-15,29087.0,28536.4
1415,2018-11-16,28997.0,28852.34
1416,2018-11-17,28526.0,28166.96
1417,2018-11-18,26284.0,26590.26
1418,2018-11-19,25923.0,26945.19
1419,2018-11-20,28748.0,27643.1
1420,2018-11-21,28423.0,28951.63
1421,2018-11-22,28126.0,28244.83
1422,2018-11-23,23213.0,27895.22
1423,2018-11-24,25492.0,22231.94
1424,2018-11-25,25036.0,24966.72
1425,2018-11-26,25763.0,26038.95
1426,2018-11-27,28721.0,27716.86
1427,2018-11-28,28793.0,28903.56
1428,2018-11-29,28621.0,28658.5
1429,2018-11-30,28664.0,28319.38
1430,2018-12-01,27813.0,27959.71
1431,2018-12-02,26817.0,25895.32
1432,2018-12-03,27010.0,27722.56
1433,2018-12-04,29379.0,28624.49
1434,2018-12-05,29395.0,29381.21
1435,2018-12-06,30213.0,29194.66
1436,2018-12-07,29749.0,29902.95
1437,2018-12-08,28431.0,28713.72
1438,2018-12-09,26503.0,26372.75
1439,2018-12-10,27142.0,27276.0
1440,2018-12-11,29551.0,28913.34
1441,2018-12-12,29218.0,29510.88
1442,2018-12-13,29299.0,28992.91
1443,2018-12-14,29143.0,28999.97
1444,2018-12-15,28857.0,28332.19
1445,2018-12-16,26494.0,26950.86
1446,2018-12-17,26958.0,27129.81
1447,2018-12-18,29041.0,28774.85
1448,2018-12-19,28759.0,29020.6
1449,2018-12-20,28911.0,28652.13
1450,2018-12-21,29140.0,28694.17
1451,2018-12-22,27882.0,28429.0
1452,2018-12-23,26550.0,25902.24
1453,2018-12-24,25818.0,27491.43
1454,2018-12-25,26218.0,27453.31
1455,2018-12-26,24066.0,26355.23
1456,2018-12-27,27848.0,24334.31
1457,2018-12-28,28031.0,28743.14
1458,2018-12-29,28017.0,27230.98
1459,2018-12-30,26540.0,26371.07
1460,2018-12-31,25807.0,27352.59
1461,2019-01-01,27639.0,27478.4
1462,2019-01-02,26348.0,27875.67
1463,2019-01-03,29196.0,26377.23
1464,2019-01-04,28379.0,29627.87
1465,2019-01-05,28170.0,27362.06
1466,2019-01-06,27736.0,26495.01
1467,2019-01-07,26980.0,28604.96
1468,2019-01-08,28581.0,28403.05
1469,2019-01-09,28396.0,28631.29
1470,2019-01-10,28157.0,28368.04
1471,2019-01-11,27966.0,27958.15
1472,2019-01-12,27899.0,27363.37
1473,2019-01-13,25791.0,26196.58
1474,2019-01-14,26563.0,26576.62
1475,2019-01-15,29698.0,28493.14
1476,2019-01-16,29510.0,29794.45
1477,2019-01-17,28826.0,29235.06
1478,2019-01-18,28412.0,28427.11
1479,2019-01-19,27042.0,27699.85
1480,2019-01-20,24886.0,25178.07
1481,2019-01-21,25338.0,25861.43
1482,2019-01-22,27986.0,27342.42
1483,2019-01-23,28179.0,28248.76
1484,2019-01-24,27974.0,28205.25
1485,2019-01-25,27642.0,27770.97
1486,2019-01-26,27139.0,27030.88
1487,2019-01-27,25314.0,25439.39
1488,2019-01-28,25141.0,26229.92
1489,2019-01-29,27769.0,27004.97
1490,2019-01-30,27332.0,28084.43
1491,2019-01-31,27459.0,27316.01
1492,2019-02-01,27525.0,27435.78
1493,2019-02-02,27517.0,26972.52
1494,2019-02-03,26152.0,25834.37
1495,2019-02-04,25123.0,27003.38
1496,2019-02-05,28741.0,26751.63
1497,2019-02-06,28934.0,29177.99
1498,2019-02-07,28698.0,28718.57
1499,2019-02-08,28613.0,28364.29
1500,2019-02-09,28067.0,27866.68
1501,2019-02-10,26174.0,26160.09
1502,2019-02-11,26818.0,26920.0
1503,2019-02-12,28915.0,28594.79
1504,2019-02-13,29386.0,28843.91
1505,2019-02-14,29340.0,29279.46
1506,2019-02-15,27986.0,28885.98
1507,2019-02-16,28322.0,27040.16
1508,2019-02-17,26016.0,26642.13
1509,2019-02-18,25918.0,26605.2
1510,2019-02-19,27790.0,27692.5
1511,2019-02-20,28352.0,27867.91
1512,2019-02-21,29425.0,28421.84
1513,2019-02-22,28990.0,29198.69
1514,2019-02-23,27473.0,28018.75
1515,2019-02-24,25522.0,25463.1
1516,2019-02-25,25619.0,26383.95
1517,2019-02-26,27900.0,27419.19
1518,2019-02-27,28444.0,28051.86
1519,2019-02-28,27582.0,28462.42
1520,2019-03-01,27005.0,27201.58
1521,2019-03-02,26739.0,26426.06
1522,2019-03-03,25232.0,25102.67
1523,2019-03-04,25099.0,26161.67
1524,2019-03-05,27154.0,26908.6
1525,2019-03-06,27854.0,27381.76
1526,2019-03-07,27784.0,28004.35
1527,2019-03-08,27374.0,27536.73
1528,2019-03-09,26756.0,26725.68
1529,2019-03-10,25456.0,25035.83
1530,2019-03-11,25426.0,26418.73
1531,2019-03-12,27454.0,27190.74
1532,2019-03-13,26439.0,27626.16
1533,2019-03-14,26313.0,26415.5
1534,2019-03-15,26527.0,26387.25
1535,2019-03-16,25618.0,26128.82
1536,2019-03-17,24401.0,23983.53
1537,2019-03-18,24945.0,25566.5
1538,2019-03-19,26918.0,26901.74
1539,2019-03-20,26574.0,27128.49
1540,2019-03-21,26114.0,26696.47
1541,2019-03-22,26037.0,26098.6
1542,2019-03-23,25767.0,25683.87
1543,2019-03-24,23661.0,24265.32
1544,2019-03-25,24367.0,24692.82
1545,2019-03-26,26925.0,26517.76
1546,2019-03-27,26610.0,27245.74
1547,2019-03-28,26093.0,26709.17
1548,2019-03-29,25970.0,26079.33
1549,2019-03-30,25104.0,25624.89
1550,2019-03-31,23703.0,23582.77
1551,2019-04-01,24614.0,24934.25
1552,2019-04-02,27309.0,26730.38
1553,2019-04-03,26466.0,27612.84
1554,2019-04-04,26125.0,26467.8
1555,2019-04-05,26198.0,26193.41
1556,2019-04-06,25375.0,25853.92
1557,2019-04-07,24158.0,23826.57
1558,2019-04-08,25853.0,25377.98
1559,2019-04-09,28100.0,27974.84
1560,2019-04-10,26595.0,28146.55
1561,2019-04-11,26376.0,26486.16
1562,2019-04-12,26103.0,26484.02
1563,2019-04-13,25396.0,25700.37
1564,2019-04-14,24228.0,23918.95
1565,2019-04-15,24464.0,25458.98
1566,2019-04-16,26390.0,26476.0
1567,2019-04-17,26256.0,26748.53
1568,2019-04-18,26895.0,26535.06
1569,2019-04-19,28313.0,27065.65
1570,2019-04-20,26851.0,27952.59
1571,2019-04-21,24297.0,24905.56
1572,2019-04-22,23779.0,25308.74
1573,2019-04-23,27417.0,25820.25
1574,2019-04-24,29382.0,28085.21
1575,2019-04-25,30499.0,29588.2
1576,2019-04-26,30005.0,30163.52
1577,2019-04-27,28267.0,28985.49
1578,2019-04-28,25340.0,26200.64
1579,2019-04-29,25526.0,26151.42
1580,2019-04-30,26785.0,27560.67
1581,2019-05-01,26693.0,27005.1
1582,2019-05-02,27024.0,27067.84
1583,2019-05-03,27615.0,27197.21
1584,2019-05-04,27073.0,27311.6
1585,2019-05-05,25293.0,25462.26
1586,2019-05-06,24755.0,26387.94
1587,2019-05-07,26976.0,26747.88
1588,2019-05-08,27139.0,27524.69
1589,2019-05-09,27492.0,27502.72
1590,2019-05-10,27353.0,27682.09
1591,2019-05-11,26382.0,27001.89
1592,2019-05-12,25134.0,24914.35
1593,2019-05-13,25611.0,26475.57
1594,2019-05-14,27911.0,27767.57
1595,2019-05-15,27827.0,28371.88
1596,2019-05-16,27130.0,28135.24
1597,2019-05-17,25774.0,27246.61
1598,2019-05-18,25016.0,25553.13
1599,2019-05-19,24431.0,23976.2
1600,2019-05-20,23935.0,26105.87
1601,2019-05-21,25489.0,26183.79
1602,2019-05-22,25761.0,26332.16
1603,2019-05-23,25581.0,26606.01
1604,2019-05-24,25797.0,26138.24
1605,2019-05-25,25242.0,26025.19
1606,2019-05-26,23536.0,24239.56
1607,2019-05-27,22701.0,25216.41
1608,2019-05-28,23597.0,25238.53
1609,2019-05-29,26046.0,24703.54
1610,2019-05-30,27397.0,27523.8
1611,2019-05-31,27793.0,28012.58
1612,2019-06-01,27369.0,27832.73
1613,2019-06-02,25820.0,26198.35
1614,2019-06-03,26741.0,27334.26
1615,2019-06-04,29869.0,29242.48
1616,2019-06-05,32135.0,30573.47
1617,2019-06-06,32726.0,32680.79
1618,2019-06-07,29087.0,32545.19
1619,2019-06-08,27261.0,28205.27
1620,2019-06-09,29611.0,26188.79
1621,2019-06-10,39556.0,31658.58
1622,2019-06-11,41142.0,42174.56
1623,2019-06-12,41549.0,39389.42
1624,2019-06-13,38478.0,40619.92
1625,2019-06-14,32056.0,36805.91
1626,2019-06-15,29176.0,30488.1
1627,2019-06-16,27407.0,27863.38
1628,2019-06-17,29342.0,29053.44
1629,2019-06-18,31345.0,32062.92
1630,2019-06-19,32537.0,31862.82
1631,2019-06-20,32868.0,33234.06
1632,2019-06-21,29458.0,33021.65
1633,2019-06-22,28390.0,28941.68
1634,2019-06-23,28744.0,27661.1
1635,2019-06-24,31913.0,30781.18
1636,2019-06-25,32668.0,34606.65
1637,2019-06-26,30037.0,32821.72
1638,2019-06-27,28943.0,30501.74
1639,2019-06-28,29247.0,29753.98
1640,2019-06-29,29636.0,29809.24
1641,2019-06-30,28217.0,28970.35
1642,2019-07-01,32005.0,30058.64
1643,2019-07-02,32818.0,35116.62
1644,2019-07-03,32161.0,33050.08
1645,2019-07-04,30855.0,32929.89
1646,2019-07-05,30251.0,31354.73
1647,2019-07-06,31492.0,30649.5
1648,2019-07-07,29682.0,30921.73
1649,2019-07-08,28013.0,31300.05
1650,2019-07-09,30596.0,30615.57
1651,2019-07-10,33093.0,32053.81
1652,2019-07-11,35449.0,34380.07
1653,2019-07-12,36464.0,36076.94
1654,2019-07-13,37191.0,36210.95
1655,2019-07-14,35431.0,35671.49
1656,2019-07-15,38003.0,36375.91
1657,2019-07-16,38574.0,40225.92
1658,2019-07-17,36921.0,38191.25
1659,2019-07-18,35883.0,36984.77
1660,2019-07-19,35254.0,35982.36
1661,2019-07-20,32960.0,35077.71
1662,2019-07-21,32221.0,31585.85
1663,2019-07-22,38664.0,34147.2
1664,2019-07-23,40646.0,41677.12
1665,2019-07-24,42668.0,40129.55
1666,2019-07-25,42562.0,42736.15
1667,2019-07-26,41539.0,41688.29
1668,2019-07-27,40910.0,40361.36
1669,2019-07-28,40083.0,38736.34
1670,2019-07-29,38379.0,40757.97
1671,2019-07-30,38303.0,39625.12
1672,2019-07-31,36384.0,38236.04
1673,2019-08-01,36953.0,36550.14
1674,2019-08-02,37569.0,37389.65
1675,2019-08-03,37980.0,37302.57
1676,2019-08-04,36349.0,36455.58
1677,2019-08-05,39394.0,37364.91
1678,2019-08-06,40045.0,41649.64
1679,2019-08-07,40381.0,39548.62
1680,2019-08-08,37139.0,40473.96
1681,2019-08-09,34886.0,36501.61
1682,2019-08-10,33895.0,34627.23
1683,2019-08-11,30946.0,32765.5
1684,2019-08-12,36818.0,32476.36
1685,2019-08-13,39511.0,40143.83
1686,2019-08-14,42432.0,39303.75
1687,2019-08-15,42820.0,42658.35
1688,2019-08-16,43028.0,41907.87
1689,2019-08-17,39887.0,41791.61
1690,2019-08-18,32229.0,37130.92
1691,2019-08-19,34273.0,32576.93
1692,2019-08-20,35790.0,37231.3
1693,2019-08-21,38618.0,35967.28
1694,2019-08-22,39247.0,39332.67
1695,2019-08-23,38809.0,38831.22
1696,2019-08-24,37594.0,37951.15
1697,2019-08-25,37626.0,35555.47
1698,2019-08-26,42326.0,38650.81
1699,2019-08-27,42481.0,44098.84
1700,2019-08-28,41957.0,41111.66
1701,2019-08-29,39452.0,41331.54
1702,2019-08-30,39860.0,38324.51
1703,2019-08-31,39819.0,39024.61
1704,2019-09-01,38041.0,37444.08
1705,2019-09-02,39263.0,38379.99
1706,2019-09-03,42328.0,40655.84
1707,2019-09-04,43049.0,41668.72
1708,2019-09-05,41693.0,42132.65
1709,2019-09-06,41111.0,40287.34
1710,2019-09-07,40123.0,39607.29
1711,2019-09-08,33611.0,37386.42
1712,2019-09-09,32239.0,33405.62
1713,2019-09-10,32560.0,34186.22
1714,2019-09-11,32157.0,32696.1
1715,2019-09-12,37446.0,32627.06
1716,2019-09-13,41176.0,38075.15
1717,2019-09-14,41131.0,40018.67
1718,2019-09-15,38278.0,38087.08
1719,2019-09-16,32454.0,37969.62
1720,2019-09-17,32019.0,32930.26
1721,2019-09-18,31834.0,32199.58
1722,2019-09-19,31241.0,32159.08
1723,2019-09-20,29882.0,31266.36
1724,2019-09-21,30341.0,29503.42
1725,2019-09-22,30774.0,29163.92
1726,2019-09-23,33110.0,32056.72
1727,2019-09-24,36967.0,34968.57
1728,2019-09-25,37807.0,36690.44
1729,2019-09-26,37880.0,37085.39
1730,2019-09-27,32636.0,36790.58
1731,2019-09-28,29250.0,30718.81
1732,2019-09-29,25941.0,27425.97
1733,2019-09-30,25421.0,27063.16
1734,2019-10-01,27642.0,27748.23
1735,2019-10-02,27608.0,28381.05
1736,2019-10-03,28388.0,28135.52
1737,2019-10-04,27997.0,28784.55
1738,2019-10-05,27209.0,27653.09
1739,2019-10-06,26434.0,25828.12
1740,2019-10-07,30814.0,27790.49
1741,2019-10-08,31150.0,33167.27
1742,2019-10-09,30470.0,30452.21
1743,2019-10-10,27490.0,30427.34
1744,2019-10-11,27685.0,26982.2
1745,2019-10-12,28122.0,27595.78
1746,2019-10-13,26233.0,26612.42
1747,2019-10-14,25904.0,27157.06
1748,2019-10-15,28127.0,27812.91
1749,2019-10-16,29538.0,28460.91
1750,2019-10-17,29709.0,29777.09
1751,2019-10-18,28198.0,29354.07
1752,2019-10-19,27196.0,27325.59
1753,2019-10-20,25635.0,25528.2
1754,2019-10-21,29947.0,26642.5
1755,2019-10-22,31960.0,32182.3
1756,2019-10-23,32234.0,31236.6
1757,2019-10-24,32445.0,31770.07
1758,2019-10-25,32701.0,31608.54
1759,2019-10-26,32050.0,31403.58
1760,2019-10-27,27463.0,29475.22
1761,2019-10-28,24268.0,27429.54
1762,2019-10-29,27255.0,25701.62
1763,2019-10-30,27034.0,27846.06
1764,2019-10-31,27089.0,27008.11
1765,2019-11-01,27032.0,27060.4
1766,2019-11-02,26920.0,26475.97
1767,2019-11-03,25014.0,25255.07
1768,2019-11-04,26001.0,25848.14
1769,2019-11-05,28271.0,27928.14
1770,2019-11-06,28438.0,28252.01
1771,2019-11-07,28046.0,28334.81
1772,2019-11-08,28606.0,27661.61
1773,2019-11-09,29068.0,27939.29
1774,2019-11-10,26943.0,27093.16
1775,2019-11-11,26080.0,27378.82
1776,2019-11-12,29184.0,27551.66
1777,2019-11-13,28653.0,29298.16
1778,2019-11-14,28317.0,28247.75
1779,2019-11-15,28033.0,27946.74
1780,2019-11-16,27300.0,27222.7
1781,2019-11-17,25866.0,25382.73
1782,2019-11-18,27608.0,26665.97
1783,2019-11-19,29569.0,29386.97
1784,2019-11-20,28322.0,29198.62
1785,2019-11-21,27836.0,27911.31
1786,2019-11-22,27779.0,27516.6
1787,2019-11-23,27279.0,27064.76
1788,2019-11-24,25402.0,25402.96
1789,2019-11-25,25532.0,26162.07
1790,2019-11-26,27904.0,27278.78
1791,2019-11-27,28722.0,27990.1
1792,2019-11-28,28547.0,28676.42
1793,2019-11-29,24830.0,28080.88
1794,2019-11-30,26640.0,23768.03
1795,2019-12-01,27338.0,25630.17
1796,2019-12-02,27014.0,28201.96
1797,2019-12-03,28644.0,28342.01
1798,2019-12-04,28953.0,28512.33
1799,2019-12-05,28923.0,28800.41
1800,2019-12-06,28395.0,28469.79
1801,2019-12-07,28305.0,27497.14
1802,2019-12-08,26890.0,26412.45
1803,2019-12-09,26132.0,27527.7
1804,2019-12-10,28515.0,27595.04
1805,2019-12-11,28610.0,28601.54
1806,2019-12-12,29241.0,28431.56
1807,2019-12-13,28401.0,28935.27
1808,2019-12-14,28041.0,27401.17
1809,2019-12-15,26178.0,26180.38
1810,2019-12-16,26345.0,26845.92
1811,2019-12-17,29345.0,28034.02
1812,2019-12-18,29363.0,29395.71
1813,2019-12-19,29444.0,29045.76
1814,2019-12-20,29243.0,29006.98
1815,2019-12-21,28352.0,28303.35
1816,2019-12-22,26595.0,26287.78
1817,2019-12-23,26544.0,27285.69
1818,2019-12-24,28599.0,28147.99
1819,2019-12-25,26790.0,28580.17
1820,2019-12-26,25230.0,26520.14
1821,2019-12-27,28386.0,25180.27
1822,2019-12-28,27655.0,28442.33
1823,2019-12-29,26196.0,25517.06
1824,2019-12-30,26674.0,27072.95
1825,2019-12-31,27964.0,28352.46
1826,2020-01-01,26447.0,27846.19
1827,2020-01-02,24560.0,26352.38
1828,2020-01-03,27383.0,24506.56
1829,2020-01-04,27179.0,27549.31
1830,2020-01-05,25390.0,25248.3
1831,2020-01-06,25690.0,26272.42
1832,2020-01-07,28193.0,27499.23
1833,2020-01-08,28203.0,28317.78
1834,2020-01-09,28267.0,28103.55
1835,2020-01-10,28156.0,28006.54
1836,2020-01-11,27624.0,27413.23
1837,2020-01-12,25699.0,25751.14
1838,2020-01-13,26066.0,26460.03
1839,2020-01-14,28413.0,27846.34
1840,2020-01-15,28258.0,28449.42
1841,2020-01-16,28425.0,28115.91
1842,2020-01-17,29109.0,28161.06
1843,2020-01-18,27437.0,28379.78
1844,2020-01-19,25512.0,25279.51
1845,2020-01-20,25773.0,26373.67
1846,2020-01-21,28295.0,27537.84
1847,2020-01-22,27951.0,28391.63
1848,2020-01-23,27104.0,27786.01
1849,2020-01-24,27323.0,26815.85
1850,2020-01-25,26622.0,26814.01
1851,2020-01-26,24996.0,24814.13
1852,2020-01-27,24966.0,25924.01
1853,2020-01-28,27505.0,26764.88
1854,2020-01-29,27276.0,27731.77
1855,2020-01-30,27655.0,27218.08
1856,2020-01-31,27310.0,27539.86
1857,2020-02-01,26589.0,26581.52
1858,2020-02-02,25118.0,24819.96
1859,2020-02-03,25671.0,26032.4
1860,2020-02-04,28556.0,27478.44
1861,2020-02-05,29032.0,28646.02
1862,2020-02-06,28169.0,28835.7
1863,2020-02-07,27340.0,27632.87
1864,2020-02-08,26788.0,26569.85
1865,2020-02-09,24989.0,25016.99
1866,2020-02-10,25838.0,25821.38
1867,2020-02-11,27729.0,27700.01
1868,2020-02-12,27437.0,27679.16
1869,2020-02-13,27390.0,27367.9
1870,2020-02-14,27401.0,27177.63
1871,2020-02-15,26479.0,26741.35
1872,2020-02-16,24704.0,24625.03
1873,2020-02-17,24576.0,25604.48
1874,2020-02-18,26830.0,26373.81
1875,2020-02-19,27444.0,27057.72
1876,2020-02-20,27481.0,27528.72
1877,2020-02-21,27559.0,27216.34
1878,2020-02-22,27104.0,26885.62
1879,2020-02-23,24875.0,25238.06
1880,2020-02-24,24773.0,25609.03
1881,2020-02-25,27677.0,26574.54
1882,2020-02-26,28275.0,27903.42
1883,2020-02-27,27810.0,28181.64
1884,2020-02-28,28345.0,27383.56
1885,2020-02-29,27663.0,27674.75
1886,2020-03-01,24947.0,25613.87
1887,2020-03-02,25805.0,25578.92
1888,2020-03-03,27867.0,27698.28
1889,2020-03-04,27894.0,27797.44
1890,2020-03-05,27760.0,27798.59
1891,2020-03-06,27993.0,27431.97
1892,2020-03-07,27121.0,27283.14
1893,2020-03-08,25136.0,25141.88
1894,2020-03-09,25191.0,25911.4
1895,2020-03-10,27532.0,26941.35
1896,2020-03-11,27621.0,27644.71
1897,2020-03-12,27076.0,27548.31
1898,2020-03-13,27602.0,26767.77
1899,2020-03-14,26826.0,27047.42
1900,2020-03-15,25282.0,24894.33
1901,2020-03-16,25012.0,26140.38
1902,2020-03-17,27269.0,26689.01
1903,2020-03-18,26570.0,27435.79
1904,2020-03-19,26216.0,26481.18
1905,2020-03-20,26117.0,26139.6
1906,2020-03-21,25263.0,25632.03
1907,2020-03-22,23923.0,23616.92
1908,2020-03-23,24177.0,25027.79
1909,2020-03-24,25272.0,26092.94
1910,2020-03-25,25102.0,25455.49
1911,2020-03-26,25180.0,25445.75
1912,2020-03-27,25191.0,25313.29
1913,2020-03-28,24335.0,24869.43
1914,2020-03-29,23715.0,22840.01
1915,2020-03-30,23254.0,25023.67
1916,2020-03-31,24420.0,25099.74
1917,2020-04-01,24428.0,24816.53
1918,2020-04-02,24578.0,24902.85
1919,2020-04-03,24505.0,24823.2
1920,2020-04-04,24113.0,24276.93
1921,2020-04-05,23770.0,22774.56
1922,2020-04-06,23890.0,25114.19
1923,2020-04-07,25655.0,25780.16
1924,2020-04-08,25340.0,25977.72
1925,2020-04-09,24661.0,25587.54
1926,2020-04-10,25032.22,24746.64
1927,2020-04-11,23888.24,24885.67
1928,2020-04-12,22756.56,22394.26
1929,2020-04-13,22602.46,24145.99
1930,2020-04-14,23862.9,24671.28
1931,2020-04-15,24511.64,24375.68
1932,2020-04-16,24706.54,25159.59
1933,2020-04-17,24666.74,24941.38
1934,2020-04-18,23981.47,24471.65
1935,2020-04-19,23007.38,22638.03
1936,2020-04-20,22691.33,24386.29
1937,2020-04-21,24231.71,24740.35
1938,2020-04-22,24506.31,24794.9
1939,2020-04-23,26122.81,25082.38
1940,2020-04-24,28160.59,26533.39
1941,2020-04-25,30027.49,27837.95
1942,2020-04-26,29076.31,28227.19
1943,2020-04-27,26989.55,29468.08
1944,2020-04-28,28717.45,28086.25
1945,2020-04-29,30237.39,28784.66
1946,2020-04-30,28048.07,30239.89
1947,2020-05-01,27962.33,27285.62
1948,2020-05-02,26638.13,27507.36
1949,2020-05-03,25606.79,24795.05
1950,2020-05-04,25091.96,26757.6
1951,2020-05-05,27973.18,26860.02
1952,2020-05-06,29945.6,28414.85
1953,2020-05-07,31448.68,30126.81
1954,2020-05-08,32534.45,31065.07
1955,2020-05-09,31864.36,31483.98
1956,2020-05-10,28526.28,29399.12
1957,2020-05-11,25819.19,28769.01
1958,2020-05-12,26793.78,27226.73
1959,2020-05-13,25830.23,27172.65
1960,2020-05-14,25968.65,26166.95
1961,2020-05-15,26241.41,26386.54
1962,2020-05-16,26664.33,26143.3
1963,2020-05-17,26495.18,25434.0
1964,2020-05-18,25319.02,27795.53
1965,2020-05-19,25149.87,27084.24
1966,2020-05-20,24942.55,25578.97
1967,2020-05-21,25851.39,25783.83
1968,2020-05-22,27713.08,26509.32
1969,2020-05-23,26183.55,27840.76
1970,2020-05-24,25214.7,24614.73
1971,2020-05-25,29927.12,26790.81
1972,2020-05-26,36292.24,32527.09
1973,2020-05-27,37293.61,36249.55
1974,2020-05-28,37366.67,36334.32
1975,2020-05-29,34911.23,36191.57
1976,2020-05-30,28944.97,33123.56
1977,2020-05-31,25921.49,26348.2
1978,2020-06-01,28223.37,27286.67
1979,2020-06-02,32526.58,30750.13
1980,2020-06-03,38724.65,32905.6
1981,2020-06-04,39292.93,39013.09
1982,2020-06-05,35533.3,37748.97
1983,2020-06-06,26431.28,33593.55
1984,2020-06-07,24996.36,23776.56
1985,2020-06-08,25303.59,27212.36
1986,2020-06-09,32709.29,27817.97
1987,2020-06-10,37234.45,34144.77
1988,2020-06-11,38152.62,37301.34
1989,2020-06-12,36290.29,37227.99
1990,2020-06-13,28361.23,34774.7
1991,2020-06-14,26235.43,25739.71
1992,2020-06-15,29265.17,28245.58
1993,2020-06-16,30388.73,32079.92
1994,2020-06-17,28733.45,30706.19
1995,2020-06-18,30036.7,29325.87
1996,2020-06-19,31647.93,30913.66
1997,2020-06-20,31658.86,31739.32
1998,2020-06-21,29604.12,30279.88
1999,2020-06-22,34288.6,30873.14
2000,2020-06-23,35549.11,37040.47
2001,2020-06-24,36043.92,35140.77
2002,2020-06-25,36149.45,36222.57
2003,2020-06-26,35063.23,35844.86
2004,2020-06-27,35682.93,34300.37
2005,2020-06-28,33102.34,34119.35
2006,2020-06-29,27366.37,33837.87
2007,2020-06-30,31026.63,28954.44
2008,2020-07-01,32552.1,32703.37
2009,2020-07-02,31924.01,33349.1
2010,2020-07-03,31553.22,32297.23
2011,2020-07-04,32438.3,31701.85
2012,2020-07-05,33681.14,31557.66
2013,2020-07-06,35919.0,35363.74
2014,2020-07-07,36841.45,37999.47
2015,2020-07-08,36060.48,36693.57
2016,2020-07-09,36474.32,36234.35
2017,2020-07-10,39112.68,36599.23
2018,2020-07-11,39956.33,38840.09
2019,2020-07-12,40926.39,37841.53
2020,2020-07-13,41057.96,41638.34
2021,2020-07-14,39645.67,42021.3
2022,2020-07-15,36499.3,38796.61
2023,2020-07-16,35708.85,36310.31
2024,2020-07-17,35406.11,35922.04
2025,2020-07-18,35540.7,35203.02
2026,2020-07-19,35555.68,34259.6
2027,2020-07-20,34232.81,36970.42
2028,2020-07-21,35416.5,36047.0
2029,2020-07-22,35301.69,35986.95
2030,2020-07-23,33233.5,35890.13
2031,2020-07-24,32792.81,33469.75
2032,2020-07-25,32887.36,33146.59
2033,2020-07-26,33115.72,32054.1
2034,2020-07-27,35186.97,35006.1
2035,2020-07-28,36018.98,37676.51
2036,2020-07-29,36747.69,36243.7
2037,2020-07-30,37764.83,37420.54
2038,2020-07-31,38947.46,37964.52
2039,2020-08-01,39901.58,38567.22
2040,2020-08-02,36765.45,38109.67
2041,2020-08-03,37952.34,37310.0
2042,2020-08-04,38728.93,40051.16
2043,2020-08-05,35834.13,38517.07
2044,2020-08-06,32782.86,35815.02
2045,2020-08-07,32893.02,33024.32
2046,2020-08-08,33973.49,33377.04
2047,2020-08-09,34213.38,33138.88
2048,2020-08-10,36675.22,35861.7
2049,2020-08-11,37492.77,39003.29
2050,2020-08-12,38617.75,37400.59
2051,2020-08-13,41552.75,39032.17
2052,2020-08-14,46096.76,41493.46
2053,2020-08-15,46380.81,45150.29
2054,2020-08-16,44491.66,43101.33
2055,2020-08-17,45549.31,44112.85
2056,2020-08-18,47484.16,46227.33
2057,2020-08-19,47075.38,46055.6
2058,2020-08-20,45854.76,45646.75
2059,2020-08-21,43513.34,44195.5
2060,2020-08-22,42474.76,41535.41
2061,2020-08-23,41102.73,39797.55
2062,2020-08-24,43043.31,41242.1
2063,2020-08-25,43019.23,44171.6
2064,2020-08-26,42132.01,41682.8
2065,2020-08-27,40647.81,41379.78
2066,2020-08-28,40027.85,39609.35
2067,2020-08-29,38078.71,38873.28
2068,2020-08-30,34007.99,35649.07
2069,2020-08-31,34679.77,34544.53
2070,2020-09-01,34978.72,36767.88
2071,2020-09-02,34368.09,34850.21
2072,2020-09-03,36769.8,34677.97
2073,2020-09-04,39894.45,37043.99
2074,2020-09-05,44804.7,39195.43
2075,2020-09-06,46822.66,42497.0
2076,2020-09-07,46725.88,46210.63
2077,2020-09-08,41589.39,46332.58
2078,2020-09-09,34863.86,39132.21
2079,2020-09-10,33341.28,33830.43
2080,2020-09-11,31280.87,33358.5
2081,2020-09-12,31433.19,30725.93
2082,2020-09-13,30711.29,30285.39
2083,2020-09-14,34622.55,31968.59
2084,2020-09-15,35575.84,36923.37
2085,2020-09-16,37075.61,34955.47
2086,2020-09-17,37363.7,37063.47
2087,2020-09-18,37358.54,36528.99
2088,2020-09-19,36962.4,36114.42
2089,2020-09-20,33772.02,34466.08
2090,2020-09-21,34658.91,33870.93
2091,2020-09-22,35152.78,36179.69
2092,2020-09-23,34875.54,34448.09
2093,2020-09-24,35179.25,34583.54
2094,2020-09-25,35378.01,34607.26
2095,2020-09-26,33002.42,34264.27
2096,2020-09-27,32773.93,30500.17
2097,2020-09-28,40017.07,33631.53
2098,2020-09-29,40801.76,41788.38
2099,2020-09-30,42681.51,38733.81
2100,2020-10-01,43182.52,41544.45
2101,2020-10-02,43027.81,41048.52
2102,2020-10-03,41200.85,40464.55
2103,2020-10-04,36985.64,37333.36
2104,2020-10-05,36886.27,36089.62
2105,2020-10-06,36864.9,37528.28
2106,2020-10-07,33981.55,35481.54
2107,2020-10-08,32539.9,32920.28
2108,2020-10-09,29641.03,31812.86
2109,2020-10-10,28575.42,28474.91
2110,2020-10-11,27218.1,26947.02
2111,2020-10-12,34074.61,28217.98
2112,2020-10-13,36304.93,36474.73
2113,2020-10-14,37359.37,34974.69
2114,2020-10-15,37768.63,36489.38
2115,2020-10-16,37598.82,36262.6
2116,2020-10-17,37399.89,35606.26
2117,2020-10-18,33117.34,34253.95
2118,2020-10-19,32215.8,32432.24
2119,2020-10-20,32196.39,33154.64
2120,2020-10-21,31363.5,31340.73
2121,2020-10-22,30759.49,30920.45
2122,2020-10-23,28903.37,30143.55
2123,2020-10-24,27734.67,27846.23
2124,2020-10-25,25844.48,25945.56
2125,2020-10-26,24869.65,26743.17
2126,2020-10-27,26133.76,26636.78
2127,2020-10-28,27047.43,26478.18
2128,2020-10-29,27306.96,27489.72
2129,2020-10-30,27808.26,27256.88
2130,2020-10-31,27331.88,27347.19
2131,2020-11-01,25759.09,25549.28
2132,2020-11-02,27410.5,26662.57
2133,2020-11-03,29115.65,29323.9
2134,2020-11-04,28728.07,28869.78
2135,2020-11-05,29759.81,28567.85
2136,2020-11-06,29684.84,29526.67
2137,2020-11-07,27593.21,28676.01
2138,2020-11-08,25014.21,25412.08
2139,2020-11-09,25635.13,25842.24
2140,2020-11-10,28068.38,27573.24
2141,2020-11-11,28024.03,28175.03
2142,2020-11-12,27550.03,27958.26
2143,2020-11-13,27667.99,27281.65
2144,2020-11-14,27536.57,27090.47
2145,2020-11-15,25228.95,25746.92
2146,2020-11-16,25936.57,25954.96
2147,2020-11-17,28580.1,27845.38
2148,2020-11-18,28152.1,28630.69
2149,2020-11-19,27475.49,27955.48
2150,2020-11-20,27790.23,27189.19
2151,2020-11-21,27431.41,27236.62
2152,2020-11-22,25873.2,25588.4
2153,2020-11-23,25754.51,26689.43
2154,2020-11-24,27875.23,27445.26
2155,2020-11-25,27846.88,27982.89
2156,2020-11-26,27708.01,27806.49
2157,2020-11-27,24119.58,27484.28
2158,2020-11-28,25635.8,23232.48
2159,2020-11-29,25702.54,24767.97
2160,2020-11-30,26133.88,26737.58
2161,2020-12-01,28592.02,27852.27
2162,2020-12-02,28732.13,28653.13
2163,2020-12-03,28883.18,28587.53
2164,2020-12-04,28733.79,28547.25
2165,2020-12-05,28116.27,27900.73
2166,2020-12-06,27104.39,26163.63
2167,2020-12-07,26732.19,27888.72
2168,2020-12-08,28922.42,28208.1
2169,2020-12-09,28936.84,28933.94
2170,2020-12-10,28697.04,28754.19
2171,2020-12-11,28848.3,28325.44
2172,2020-12-12,28969.95,28106.81
2173,2020-12-13,27095.31,27040.07
2174,2020-12-14,27267.15,27662.23
2175,2020-12-15,29209.18,28872.51
2176,2020-12-16,29157.77,29083.86
2177,2020-12-17,29075.25,28973.33
2178,2020-12-18,28784.84,28693.87
2179,2020-12-19,28384.42,27960.28
2180,2020-12-20,27218.71,26476.58
2181,2020-12-21,26900.82,27969.08
2182,2020-12-22,28923.8,28410.57
2183,2020-12-23,28448.16,28920.72
2184,2020-12-24,28741.27,28271.76
2185,2020-12-25,27303.16,28541.21
2186,2020-12-26,25139.88,26428.58
2187,2020-12-27,25702.85,23444.21
2188,2020-12-28,26290.57,27175.55
2189,2020-12-29,28887.45,27972.51
2190,2020-12-30,28043.49,29006.32
2191,2020-12-31,27885.65,27817.61
2192,2021-01-01,26645.81,27747.99
2193,2021-01-02,25352.47,25939.07
2194,2021-01-03,26073.76,23801.19
2195,2021-01-04,26070.96,27476.02
2196,2021-01-05,27800.51,27649.34
2197,2021-01-06,28095.97,27920.8
2198,2021-01-07,27854.96,28162.65
2199,2021-01-08,27872.27,27613.85
2200,2021-01-09,27182.46,27281.35
2201,2021-01-10,25891.8,25381.09
2202,2021-01-11,26113.54,26834.41
2203,2021-01-12,27965.81,27860.64
2204,2021-01-13,28114.96,28029.96
2205,2021-01-14,27246.13,28141.4
2206,2021-01-15,27371.01,26953.08
2207,2021-01-16,27402.88,26909.54
2208,2021-01-17,25290.6,25701.43
2209,2021-01-18,25014.97,26081.78
2210,2021-01-19,26940.69,26857.67
2211,2021-01-20,27150.69,27182.17
2212,2021-01-21,27047.96,27315.71
2213,2021-01-22,27205.1,26943.72
2214,2021-01-23,27391.85,26713.07
2215,2021-01-24,26228.34,25721.39
2216,2021-01-25,26698.84,27066.81
2217,2021-01-26,29351.53,28392.81
2218,2021-01-27,29298.92,29335.19
2219,2021-01-28,28688.12,29018.81
2220,2021-01-29,27983.33,28223.39
2221,2021-01-30,27516.27,27181.7
2222,2021-01-31,25478.2,25709.54
2223,2021-02-01,25247.51,26242.5
2224,2021-02-02,26934.64,27026.14
2225,2021-02-03,26680.16,27089.67
2226,2021-02-04,27050.26,26794.44
2227,2021-02-05,26978.62,27047.62
2228,2021-02-06,26188.01,26401.71
2229,2021-02-07,24924.85,24482.49
2230,2021-02-08,24306.88,25957.71
2231,2021-02-09,27279.71,26060.21
2232,2021-02-10,27404.56,27702.15
2233,2021-02-11,26596.38,27384.48
2234,2021-02-12,27320.79,26377.95
2235,2021-02-13,25817.45,26929.66
2236,2021-02-14,24615.48,23925.63
2237,2021-02-15,24840.66,25755.92
2238,2021-02-16,26793.57,26674.79
2239,2021-02-17,26888.56,26991.48
2240,2021-02-18,26906.46,27004.23
2241,2021-02-19,26414.18,26796.02
2242,2021-02-20,26078.34,25826.18
2243,2021-02-21,24789.42,24483.48
2244,2021-02-22,24459.32,25774.49
2245,2021-02-23,26757.33,26240.2
2246,2021-02-24,26572.51,27055.98
2247,2021-02-25,26546.34,26632.3
2248,2021-02-26,26433.46,26496.3
2249,2021-02-27,25865.87,25914.87
2250,2021-02-28,24516.22,24220.64
2251,2021-03-01,24333.54,25539.37
2252,2021-03-02,26844.63,26156.55
2253,2021-03-03,26933.84,27162.21
2254,2021-03-04,27911.91,26982.19
2255,2021-03-05,26742.13,27859.85
2256,2021-03-06,26163.57,25869.43
2257,2021-03-07,24291.44,24543.92
2258,2021-03-08,24504.54,25202.52
2259,2021-03-09,27095.75,26429.57
2260,2021-03-10,27636.11,27353.9
2261,2021-03-11,27975.33,27682.12
2262,2021-03-12,27303.77,27735.05
2263,2021-03-13,26359.42,26503.32
2264,2021-03-14,24608.93,24581.43
2265,2021-03-15,24969.03,25536.11
2266,2021-03-16,27110.87,26844.27
2267,2021-03-17,26179.98,27259.66
2268,2021-03-18,26492.5,26145.62
2269,2021-03-19,26364.55,26563.69
2270,2021-03-20,25167.17,25817.64
2271,2021-03-21,23733.23,23499.55
2272,2021-03-22,24107.52,24889.4
2273,2021-03-23,25495.48,26089.83
2274,2021-03-24,25584.56,25730.95
2275,2021-03-25,25584.88,25924.48
2276,2021-03-26,25889.65,25652.55
2277,2021-03-27,24851.97,25560.93
2278,2021-03-28,23785.78,23238.51
2279,2021-03-29,24422.47,25024.58
2280,2021-03-30,26144.33,26402.64
2281,2021-03-31,26266.19,26353.15
2282,2021-04-01,27131.06,26499.16
2283,2021-04-02,27448.41,27170.57
2284,2021-04-03,25897.03,26833.79
2285,2021-04-04,24511.24,24025.26
2286,2021-04-05,23639.68,25610.87
2287,2021-04-06,26368.9,25411.59
2288,2021-04-07,26528.23,26886.0
2289,2021-04-08,26762.17,26657.73
2290,2021-04-09,26576.81,26753.87
2291,2021-04-10,26268.93,26036.92
2292,2021-04-11,24789.02,24661.15
2293,2021-04-12,24515.31,25763.91
2294,2021-04-13,26386.58,26349.42
2295,2021-04-14,26323.13,26679.81
2296,2021-04-15,25808.25,26526.14
2297,2021-04-16,25948.84,25798.74
2298,2021-04-17,25991.01,25658.63
2299,2021-04-18,24751.96,24504.41
2300,2021-04-19,25550.45,25806.27
2301,2021-04-20,28122.76,27503.53
2302,2021-04-21,26750.2,28278.26
2303,2021-04-22,26454.59,26599.96
2304,2021-04-23,26551.36,26524.04
2305,2021-04-24,25816.18,26161.14
2306,2021-04-25,24336.01,24237.69
2307,2021-04-26,23989.5,25487.79
2308,2021-04-27,25789.82,25956.19
2309,2021-04-28,25886.57,26251.45
2310,2021-04-29,27304.34,26284.59
2311,2021-04-30,29526.27,27591.39
2312,2021-05-01,29858.78,29132.68
2313,2021-05-02,25659.18,27817.35
2314,2021-05-03,25579.11,26022.62
2315,2021-05-04,28572.82,27620.98
2316,2021-05-05,30445.16,28882.98
2317,2021-05-06,31002.72,30566.54
2318,2021-05-07,28397.83,30496.79
2319,2021-05-08,27275.0,27241.12
2320,2021-05-09,26424.7,25682.26
2321,2021-05-10,26201.88,27539.39
2322,2021-05-11,28965.06,27995.65
2323,2021-05-12,29788.16,29321.04
2324,2021-05-13,30257.57,29862.71
2325,2021-05-14,29423.34,30014.62
2326,2021-05-15,28061.67,28596.31
2327,2021-05-16,25187.61,26286.37
2328,2021-05-17,25009.5,26172.43
2329,2021-05-18,27356.75,27213.09
2330,2021-05-19,28125.63,27944.61
2331,2021-05-20,27428.5,28594.4
2332,2021-05-21,26189.37,27466.82
2333,2021-05-22,25741.26,25965.81
2334,2021-05-23,24447.01,24668.59
2335,2021-05-24,27278.79,25964.72
2336,2021-05-25,29929.8,29896.19
2337,2021-05-26,29824.3,30146.26
2338,2021-05-27,29163.87,30337.03
2339,2021-05-28,29026.54,30292.27
2340,2021-05-29,28804.58,29779.47
2341,2021-05-30,26539.4,28130.34
2342,2021-05-31,29589.89,29188.79
2343,2021-06-01,33285.21,31275.89
2344,2021-06-02,33804.27,31416.99
2345,2021-06-03,33808.93,31560.06
2346,2021-06-04,34370.82,31479.36
2347,2021-06-05,32729.0,30938.56
2348,2021-06-06,30078.48,29263.66
2349,2021-06-07,27866.71,30316.79
2350,2021-06-08,27502.45,32408.24
2351,2021-06-09,27641.89,32547.85
2352,2021-06-10,27186.64,32692.35
2353,2021-06-11,27482.25,32614.17
2354,2021-06-12,28750.04,32075.22
2355,2021-06-13,30702.38,30397.47
2356,2021-06-14,34398.7,31462.04
2357,2021-06-15,36941.34,33570.16
2358,2021-06-16,38502.75,33717.03
2359,2021-06-17,41010.93,33868.67
2360,2021-06-18,41353.69,33796.23
2361,2021-06-19,40425.04,33260.3
2362,2021-06-20,36484.71,31579.14
2363,2021-06-21,33658.89,32653.34
2364,2021-06-22,35270.71,34775.17
2365,2021-06-23,33318.27,34925.32
2366,2021-06-24,32992.98,35079.28
2367,2021-06-25,32257.37,35007.09
2368,2021-06-26,33607.88,34468.12
2369,2021-06-27,35214.2,32777.14
2370,2021-06-28,37421.38,33853.9
2371,2021-06-29,37837.63,35981.8
2372,2021-06-30,36738.03,36127.47
2373,2021-07-01,37345.68,36275.71
2374,2021-07-02,38082.04,36195.53
2375,2021-07-03,36945.14,35645.2
2376,2021-07-04,34407.53,33936.28
2377,2021-07-05,32228.26,35006.52
2378,2021-07-06,34998.61,37130.85
2379,2021-07-07,36240.95,37262.93
2380,2021-07-08,39856.93,37396.26
2381,2021-07-09,42614.85,37298.89
2382,2021-07-10,42914.07,36728.21
2383,2021-07-11,40134.96,34992.96
2384,2021-07-12,37846.99,36046.87
2385,2021-07-13,38419.82,38157.22
2386,2021-07-14,38328.67,38266.35
2387,2021-07-15,37907.84,38375.45
2388,2021-07-16,37209.67,38251.8
2389,2021-07-17,36533.22,37652.06
2390,2021-07-18,36541.12,35882.77
2391,2021-07-19,41271.15,36910.77
2392,2021-07-20,41724.7,38996.87
2393,2021-07-21,40810.98,39074.39
2394,2021-07-22,40869.04,39150.76
2395,2021-07-23,39372.56,38992.71
2396,2021-07-24,38932.3,38356.38
2397,2021-07-25,34636.5,36546.81
2398,2021-07-26,33854.75,37540.46
2399,2021-07-27,38459.34,39593.15
2400,2021-07-28,40024.08,39631.93
2401,2021-07-29,40736.23,39668.72
2402,2021-07-30,41272.98,39469.92
2403,2021-07-31,40257.49,38791.45
2404,2021-08-01,36504.51,36937.59
2405,2021-08-02,39675.16,37890.38
2406,2021-08-03,40626.02,39902.45
2407,2021-08-04,41027.66,39897.63
2408,2021-08-05,40505.23,39890.36
2409,2021-08-06,38573.52,39646.94
2410,2021-08-07,37266.27,38923.36
2411,2021-08-08,34747.81,37023.96
2412,2021-08-09,38377.29,37931.98
2413,2021-08-10,41056.91,39898.81
2414,2021-08-11,41607.24,39848.35
2415,2021-08-12,41745.29,39795.41
2416,2021-08-13,41971.94,39506.45
2417,2021-08-14,39649.48,38737.79
2418,2021-08-15,38116.04,36794.65
2419,2021-08-16,42331.4,37657.0
2420,2021-08-17,42557.56,39576.97
2421,2021-08-18,38732.06,39481.93
2422,2021-08-19,33470.11,39384.8
2423,2021-08-20,33807.0,39052.48
2424,2021-08-21,32900.97,38241.87
2425,2021-08-22,28969.07,36259.85
2426,2021-08-23,31989.83,37078.71
2427,2021-08-24,33302.98,38953.36
2428,2021-08-25,35955.67,38817.83
2429,2021-08-26,39468.04,38681.01
2430,2021-08-27,41481.1,38310.47
2431,2021-08-28,41816.5,37463.92
2432,2021-08-29,39252.63,35450.65
2433,2021-08-30,39017.33,36231.08
2434,2021-08-31,39651.81,38064.85
2435,2021-09-01,34405.73,37895.62
2436,2021-09-02,31863.13,37726.25
2437,2021-09-03,33150.55,37325.16
2438,2021-09-04,34177.59,36451.08
2439,2021-09-05,36161.68,34416.29
2440,2021-09-06,38326.59,35165.74
2441,2021-09-07,41606.38,36965.53
2442,2021-09-08,42930.13,36771.48
2443,2021-09-09,43150.63,36578.68
2444,2021-09-10,42832.52,36156.54
2445,2021-09-11,39638.15,35264.95
2446,2021-09-12,37650.75,33219.7
2447,2021-09-13,38701.16,33947.3
2448,2021-09-14,39089.41,35721.76
2449,2021-09-15,37177.51,35513.05
2450,2021-09-16,34138.6,35307.07
2451,2021-09-17,31864.92,34874.35
2452,2021-09-18,30938.44,33976.04
2453,2021-09-19,28644.11,31931.72
2454,2021-09-20,32985.05,32647.42
2455,2021-09-21,40110.19,34406.16
2456,2021-09-22,40353.19,34193.31
2457,2021-09-23,39479.66,33984.65
2458,2021-09-24,35701.41,33551.87
2459,2021-09-25,32986.96,32657.42
2460,2021-09-26,29623.96,30624.79
2461,2021-09-27,27581.73,31338.51
2462,2021-09-28,29524.44,33091.23
2463,2021-09-29,28686.22,32884.22
2464,2021-09-30,30592.58,32682.72
2465,2021-10-01,31859.34,32259.59
2466,2021-10-02,32373.07,31378.52
2467,2021-10-03,31781.3,29366.85
2468,2021-10-04,32866.79,30087.65
2469,2021-10-05,32522.23,31843.36
2470,2021-10-06,30948.68,31650.88
2471,2021-10-07,29269.82,31464.98
2472,2021-10-08,28393.0,31059.62
2473,2021-10-09,26669.97,30199.67
2474,2021-10-10,25435.83,28216.03
2475,2021-10-11,26167.63,28951.45
2476,2021-10-12,26931.79,30717.85
2477,2021-10-13,27126.2,30546.65
2478,2021-10-14,27288.1,30382.79
2479,2021-10-15,27831.7,30001.24
2480,2021-10-16,28555.55,29167.86
2481,2021-10-17,27288.5,27216.72
2482,2021-10-18,25846.32,27972.35
2483,2021-10-19,27302.29,29755.32
2484,2021-10-20,27699.31,29609.86
2485,2021-10-21,27968.3,29472.15
2486,2021-10-22,28247.07,29118.03
2487,2021-10-23,27039.61,28314.18
2488,2021-10-24,25467.65,26397.26
2489,2021-10-25,26019.44,27176.46
2490,2021-10-26,26664.81,28979.81
2491,2021-10-27,27214.85,28862.12
2492,2021-10-28,28034.72,28752.27
2493,2021-10-29,29660.72,28426.75
2494,2021-10-30,28455.51,27652.87
2495,2021-10-31,25781.68,25769.31
2496,2021-11-01,24860.79,26573.19
2497,2021-11-02,27564.72,28398.58
2498,2021-11-03,27525.81,28308.36
2499,2021-11-04,27837.34,28225.76
2500,2021-11-05,27502.45,27927.74
2501,2021-11-06,27002.41,27182.06
2502,2021-11-07,25203.04,25328.75
2503,2021-11-08,25238.64,26156.35
2504,2021-11-09,27843.35,28003.39
2505,2021-11-10,27913.97,27938.32
2506,2021-11-11,28207.12,27880.39
2507,2021-11-12,29286.63,27606.88
2508,2021-11-13,30495.11,26885.77
2509,2021-11-14,27356.38,25057.92
2510,2021-11-15,27020.33,25906.53
2511,2021-11-16,28813.49,27773.07
2512,2021-11-17,27653.02,27729.25
2513,2021-11-18,27799.52,27691.9
2514,2021-11-19,27955.79,27438.48
2515,2021-11-20,27520.61,26737.06
2516,2021-11-21,25394.65,24928.83
2517,2021-11-22,25948.19,25794.46
2518,2021-11-23,28193.16,27676.99
2519,2021-11-24,27776.47,27649.48
2520,2021-11-25,27466.94,27627.69
2521,2021-11-26,23375.71,27389.12
2522,2021-11-27,25437.99,26701.83
2523,2021-11-28,25043.84,24907.01
2524,2021-11-29,25564.73,25784.91
2525,2021-11-30,28476.92,27679.07
2526,2021-12-01,28377.45,27662.52
2527,2021-12-02,28565.64,27650.91
2528,2021-12-03,28255.56,27421.72
2529,2021-12-04,27927.74,26742.95
2530,2021-12-05,26383.46,24955.55
2531,2021-12-06,26554.67,25840.8
2532,2021-12-07,29753.72,27741.94
2533,2021-12-08,28915.49,27731.11
2534,2021-12-09,29322.34,27724.53
2535,2021-12-10,28997.73,27499.59
2536,2021-12-11,28915.7,26824.21
2537,2021-12-12,27151.31,25039.04
2538,2021-12-13,28030.65,25927.02
2539,2021-12-14,30940.08,27830.74
2540,2021-12-15,30976.4,27821.06
2541,2021-12-16,31039.38,27815.05
2542,2021-12-17,30173.44,27590.04
2543,2021-12-18,29388.7,26913.85
2544,2021-12-19,27947.59,25126.84
2545,2021-12-20,28064.66,26013.74
2546,2021-12-21,30306.48,27916.31
2547,2021-12-22,29456.66,27904.23
2548,2021-12-23,29515.17,27895.4
2549,2021-12-24,28415.41,27667.1
2550,2021-12-25,26334.94,26987.11
2551,2021-12-26,25735.26,25195.59
2552,2021-12-27,26874.76,26078.65
2553,2021-12-28,29504.55,27977.36
2554,2021-12-29,29732.8,27960.54
2555,2021-12-30,30050.95,27946.75
2556,2021-12-31,28493.97,27713.24
2557,2022-01-01,27018.42,27027.79
2558,2022-01-02,25764.09,25230.48
2559,2022-01-03,27089.76,26108.15
2560,2022-01-04,29193.74,28001.43
2561,2022-01-05,28455.67,27978.83
2562,2022-01-06,28087.23,27959.2
2563,2022-01-07,28050.5,27719.82
2564,2022-01-08,28113.97,27028.5
2565,2022-01-09,26026.28,25225.42
2566,2022-01-10,26122.15,26097.3
2567,2022-01-11,27948.06,27984.72
2568,2022-01-12,27767.97,27956.44
2569,2022-01-13,27894.96,27931.23
2570,2022-01-14,28096.23,27686.41
2571,2022-01-15,27073.38,26989.89
2572,2022-01-16,25666.95,25182.04
2573,2022-01-17,25049.89,26048.73
2574,2022-01-18,27324.55,27930.83
2575,2022-01-19,27411.63,27897.87
2576,2022-01-20,27387.53,27868.19
2577,2022-01-21,27231.4,27619.19
2578,2022-01-22,26742.5,26918.87
2579,2022-01-23,25128.53,25107.91
2580,2022-01-24,25585.51,25970.71
2581,2022-01-25,27275.84,27848.73
2582,2022-01-26,27609.23,27812.7
2583,2022-01-27,27726.21,27780.19
2584,2022-01-28,27499.43,27528.71
2585,2022-01-29,27149.59,26826.39
2586,2022-01-30,25579.37,25014.25
2587,2022-01-31,26062.67,25874.84
2588,2022-02-01,28371.67,27750.43
2589,2022-02-02,27957.86,27713.13
2590,2022-02-03,28030.27,27679.61
2591,2022-02-04,27794.84,27427.5
2592,2022-02-05,26966.49,26725.01
2593,2022-02-06,25227.38,24913.57
2594,2022-02-07,25396.7,25773.68
2595,2022-02-08,27466.31,27648.53
2596,2022-02-09,27400.78,27611.7
2597,2022-02-10,27898.0,27578.88
2598,2022-02-11,28314.65,27327.78
2599,2022-02-12,27642.55,26626.75
2600,2022-02-13,26085.7,24817.51
2601,2022-02-14,24980.93,25678.68
2602,2022-02-15,27297.82,27554.32
2603,2022-02-16,27556.4,27519.38
2604,2022-02-17,27160.84,27488.61
2605,2022-02-18,27111.25,27239.82
2606,2022-02-19,26428.97,26541.42
2607,2022-02-20,24968.78,24735.44
2608,2022-02-21,24641.49,25598.82
2609,2022-02-22,27368.52,27476.44
2610,2022-02-23,28882.43,27444.36
2611,2022-02-24,29095.53,27416.56
2612,2022-02-25,28381.57,27170.9
2613,2022-02-26,27186.42,26475.86
2614,2022-02-27,25359.91,24673.67
2615,2022-02-28,24733.51,25540.01
2616,2022-03-01,27346.98,27420.41
2617,2022-03-02,27696.43,27391.74
2618,2022-03-03,27535.16,27367.39
2619,2022-03-04,27374.95,27125.27
2620,2022-03-05,26617.66,26433.9
2621,2022-03-06,25516.97,24635.6
2622,2022-03-07,25124.33,25505.31
2623,2022-03-08,27168.8,27388.98
2624,2022-03-09,26725.39,27363.94
2625,2022-03-10,26592.55,27343.23
2626,2022-03-11,26973.46,27104.78
2627,2022-03-12,26245.31,26417.13
2628,2022-03-13,24652.69,24622.62
2629,2022-03-14,24822.21,25495.94
2630,2022-03-15,26672.72,27383.23
2631,2022-03-16,26593.38,27361.91
2632,2022-03-17,26610.54,27344.94
2633,2022-03-18,26769.05,27110.26
2634,2022-03-19,26266.16,26426.37
2635,2022-03-20,24361.07,24635.54
2636,2022-03-21,24029.29,25512.74
2637,2022-03-22,26597.23,27404.09
2638,2022-03-23,28013.25,27386.72
2639,2022-03-24,28538.22,27373.76
2640,2022-03-25,28533.02,27143.11
2641,2022-03-26,27402.4,26463.23
2642,2022-03-27,24826.35,24676.22
2643,2022-03-28,24372.72,25557.89
2644,2022-03-29,25742.4,27454.1
2645,2022-03-30,25402.07,27441.26
2646,2022-03-31,25589.28,27432.95
2647,2022-04-01,25567.54,27207.03
2648,2022-04-02,25482.9,26531.85
2649,2022-04-03,24145.34,24749.24
2650,2022-04-04,24100.1,25636.48
2651,2022-04-05,26401.44,27538.91
2652,2022-04-06,27367.04,27531.72
2653,2022-04-07,30746.72,27529.29
2654,2022-04-08,32776.3,27309.34
2655,2022-04-09,33041.6,26640.13
2656,2022-04-10,26074.78,24863.01
2657,2022-04-11,24497.36,25757.58
2658,2022-04-12,26145.13,27668.3
2659,2022-04-13,25986.29,27668.53
2660,2022-04-14,26474.48,27673.81
2661,2022-04-15,26262.91,27461.73
2662,2022-04-16,25323.28,26800.32
2663,2022-04-17,23434.4,25030.3
2664,2022-04-18,23884.12,25934.61
2665,2022-04-19,26939.86,27856.43
2666,2022-04-20,26396.08,27866.41
2667,2022-04-21,26540.5,27881.82
2668,2022-04-22,25964.01,27680.02
2669,2022-04-23,24904.69,27028.75
2670,2022-04-24,23987.15,25267.79
2671,2022-04-25,25252.21,26184.81
2672,2022-04-26,28309.35,28121.12
2673,2022-04-27,27599.41,28143.61
2674,2022-04-28,27204.14,28171.95
2675,2022-04-29,26192.58,27983.17
2676,2022-04-30,26146.05,27344.61
2677,2022-05-01,25051.69,25594.76
2678,2022-05-02,24877.81,26527.74
2679,2022-05-03,27019.69,28482.28
2680,2022-05-04,27491.99,28520.15
2681,2022-05-05,29140.9,28564.27
2682,2022-05-06,28448.9,28391.23
2683,2022-05-07,27996.8,27767.83
2684,2022-05-08,25261.9,26030.91
2685,2022-05-09,23807.43,26983.03
2686,2022-05-10,26376.63,28959.44
2687,2022-05-11,26240.99,29015.28
2688,2022-05-12,26254.37,29077.68
2689,2022-05-13,26954.78,28922.7
2690,2022-05-14,28888.52,28316.4
2691,2022-05-15,30001.71,26593.55
2692,2022-05-16,28071.5,27567.44
2693,2022-05-17,28693.9,29568.83
2694,2022-05-18,28834.9,29644.47
2695,2022-05-19,30791.86,29726.87
2696,2022-05-20,29830.2,29591.35
2697,2022-05-21,26868.66,29003.15
2698,2022-05-22,25983.84,27294.49
2699,2022-05-23,27418.3,28291.75
2700,2022-05-24,31171.86,30320.12
2701,2022-05-25,33028.28,30416.22
2702,2022-05-26,33947.84,30519.06
2703,2022-05-27,30085.13,30403.12
2704,2022-05-28,27773.82,29832.66
2705,2022-05-29,25224.4,28136.93
2706,2022-05-30,24845.62,29157.68
2707,2022-05-31,26420.63,31213.44
2708,2022-06-01,30224.91,31329.07
2709,2022-06-02,31980.8,31451.19
2710,2022-06-03,31144.88,31353.28
2711,2022-06-04,28839.71,30798.52
2712,2022-06-05,26702.83,29112.88
2713,2022-06-06,30038.32,30155.37
2714,2022-06-07,31898.11,32236.94
2715,2022-06-08,32699.12,32369.33
2716,2022-06-09,35202.64,32507.65
2717,2022-06-10,38270.9,32424.36
2718,2022-06-11,39054.35,31881.43
2719,2022-06-12,35417.0,30201.32
2720,2022-06-13,30593.56,31261.75
2721,2022-06-14,30629.89,33365.33
2722,2022-06-15,33963.48,33509.72
2723,2022-06-16,34987.93,33659.24
2724,2022-06-17,33130.01,33585.21
2725,2022-06-18,28025.46,33048.41
2726,2022-06-19,26234.03,31367.69
2727,2022-06-20,34178.11,32440.19
2728,2022-06-21,37817.65,34559.72
2729,2022-06-22,38996.89,34709.52
2730,2022-06-23,38502.59,34863.37
2731,2022-06-24,39373.41,34791.52
2732,2022-06-25,39182.5,34253.52
2733,2022-06-26,36188.05,32564.75
2734,2022-06-27,40155.79,33641.6
2735,2022-06-28,41157.68,35769.01
2736,2022-06-29,40178.84,35916.07
2737,2022-06-30,38311.76,36065.95
2738,2022-07-01,36449.97,35987.81
2739,2022-07-02,34733.97,35440.14
2740,2022-07-03,30175.23,33735.02
2741,2022-07-04,27238.81,34807.12
2742,2022-07-05,31993.51,36932.83
2743,2022-07-06,33651.6,37068.01
2744,2022-07-07,33445.63,37204.68
2745,2022-07-08,34869.84,37111.06
2746,2022-07-09,35635.29,36544.66
2747,2022-07-10,34009.81,34814.71
2748,2022-07-11,38303.85,35872.25
2749,2022-07-12,39324.91,37985.86
2750,2022-07-13,37100.57,38099.75
2751,2022-07-14,36554.52,38213.83
2752,2022-07-15,37655.31,38095.52
2753,2022-07-16,38563.96,37501.56
2754,2022-07-17,38507.69,35738.86
2755,2022-07-18,40329.83,36772.15
2756,2022-07-19,41175.97,38863.29
2757,2022-07-20,40935.55,38947.03
2758,2022-07-21,40278.52,39029.81
2759,2022-07-22,39350.47,38878.43
2760,2022-07-23,38061.37,38249.1
2761,2022-07-24,34687.54,36447.1
2762,2022-07-25,35763.95,37447.42
2763,2022-07-26,36666.35,39506.67
2764,2022-07-27,37538.24,39552.8
2765,2022-07-28,37720.26,39597.06
2766,2022-07-29,37353.31,39405.9
2767,2022-07-30,37874.52,38735.25
2768,2022-07-31,35508.08,36889.48
2769,2022-08-01,37961.86,37849.93
2770,2022-08-02,40713.41,39869.68
2771,2022-08-03,41267.89,39872.88
2772,2022-08-04,41795.98,39873.68
2773,2022-08-05,39092.81,39638.39
2774,2022-08-06,37746.68,38922.95
2775,2022-08-07,36230.3,37031.64
2776,2022-08-08,38951.95,37947.82
2777,2022-08-09,39744.28,39922.93
2778,2022-08-10,40333.5,39880.64
2779,2022-08-11,40935.46,39835.83
2780,2022-08-12,40854.64,39554.93
2781,2022-08-13,40064.13,38794.18
2782,2022-08-14,38236.08,36858.58
2783,2022-08-15,42442.64,37729.01
2784,2022-08-16,44064.62,39657.33
2785,2022-08-17,44909.99,39570.04
2786,2022-08-18,42264.05,39480.55
2787,2022-08-19,41559.03,39155.68
2788,2022-08-20,40727.96,38352.19
2789,2022-08-21,37903.81,36376.63
2790,2022-08-22,39193.48,37202.96
2791,2022-08-23,41403.7,39085.46
2792,2022-08-24,42122.45,38956.73
2793,2022-08-25,41570.51,38826.55
2794,2022-08-26,41043.52,38462.33
2795,2022-08-27,40157.05,37621.65
2796,2022-08-28,35403.0,35613.29
2797,2022-08-29,37746.52,36400.09
2798,2022-08-30,41279.16,38240.72
2799,2022-08-31,44007.6,38076.91
2800,2022-09-01,46283.19,37912.74
2801,2022-09-02,46923.1,37516.45
2802,2022-09-03,45386.09,36646.58
2803,2022-09-04,43728.08,34614.85
2804,2022-09-05,47730.15,35369.2
2805,2022-09-06,51664.73,37174.46
2806,2022-09-07,51725.4,36984.13
2807,2022-09-08,49845.47,36794.78
2808,2022-09-09,48323.03,36375.64
2809,2022-09-10,41130.68,35486.4
2810,2022-09-11,36158.48,33442.18
2811,2022-09-12,37502.2,34172.96
2812,2022-09-13,38110.5,35951.26
2813,2022-09-14,34590.83,35744.4
2814,2022-09-15,32561.27,35539.99
2815,2022-09-16,31423.07,35108.38
2816,2022-09-17,31139.47,34210.47
2817,2022-09-18,28044.99,32165.17
2818,2022-09-19,28663.53,32882.25
2819,2022-09-20,29760.95,34643.08
2820,2022-09-21,30786.63,34430.21
2821,2022-09-22,30615.44,34221.27
2822,2022-09-23,34166.58,33787.76
2823,2022-09-24,34870.88,32891.88
2824,2022-09-25,34719.07,30856.44
2825,2022-09-26,37936.59,31569.81
2826,2022-09-27,38685.31,33322.91
2827,2022-09-28,38247.71,33114.18
2828,2022-09-29,38142.89,32910.73
2829,2022-09-30,35811.11,32485.23
2830,2022-10-01,33064.55,31601.14
2831,2022-10-02,28835.84,29585.14
2832,2022-10-03,30996.46,30304.07
2833,2022-10-04,32581.74,32058.64
2834,2022-10-05,33664.84,31863.01
2835,2022-10-06,34483.4,31673.78
2836,2022-10-07,33616.06,31264.75
2837,2022-10-08,34033.5,30400.55
2838,2022-10-09,31297.44,28411.5
2839,2022-10-10,31294.87,29143.84
2840,2022-10-11,32134.41,30907.84
2841,2022-10-12,30724.32,30732.44
2842,2022-10-13,30736.29,30564.28
2843,2022-10-14,30160.15,30178.14
2844,2022-10-15,29109.84,29339.72
2845,2022-10-16,26247.07,27382.58
2846,2022-10-17,27683.36,28134.28
2847,2022-10-18,30669.71,29913.95
2848,2022-10-19,32541.93,29763.67
2849,2022-10-20,33052.2,29621.11
2850,2022-10-21,32642.34,29261.93
2851,2022-10-22,29561.14,28452.7
2852,2022-10-23,25121.02,26529.67
2853,2022-10-24,24786.02,27304.51
2854,2022-10-25,27914.27,29104.04
2855,2022-10-26,27566.96,28981.35
2856,2022-10-27,27309.51,28866.5
2857,2022-10-28,27474.04,28535.89
2858,2022-10-29,26801.27,27756.74
2859,2022-10-30,25152.59,25867.39
2860,2022-10-31,25645.69,26666.87
2861,2022-11-01,26978.97,28488.31
2862,2022-11-02,27178.12,28393.3
2863,2022-11-03,27004.39,28305.96
2864,2022-11-04,26893.11,28003.21
2865,2022-11-05,26267.29,27252.71
2866,2022-11-06,24690.72,25394.31
2867,2022-11-07,25444.1,26217.82
2868,2022-11-08,27847.25,28061.12
2869,2022-11-09,28135.88,27991.8
2870,2022-11-10,27442.58,27929.72
2871,2022-11-11,27517.87,27652.13
2872,2022-11-12,26855.01,26926.96
2873,2022-11-13,25081.28,25094.97
2874,2022-11-14,25711.99,25940.09
2875,2022-11-15,28071.49,27803.38
2876,2022-11-16,27599.85,27756.1
2877,2022-11-17,27689.38,27715.42
2878,2022-11-18,27554.75,27458.78
2879,2022-11-19,27014.79,26754.25
2880,2022-11-20,25575.94,24942.96
2881,2022-11-21,25563.66,25805.89
2882,2022-11-22,27909.55,27685.87
2883,2022-11-23,27309.44,27655.84
2884,2022-11-24,26872.64,27631.66
2885,2022-11-25,23103.63,27390.84
2886,2022-11-26,24684.67,26701.45
2887,2022-11-27,24238.13,24904.68
2888,2022-11-28,25429.41,25780.76
2889,2022-11-29,27822.8,27673.18
2890,2022-11-30,27993.06,27655.06
2891,2022-12-01,28315.02,27642.03
2892,2022-12-02,29096.68,27411.55
2893,2022-12-03,28448.16,26731.66
2894,2022-12-04,26394.54,24943.35
2895,2022-12-05,26014.37,25827.63
2896,2022-12-06,28203.48,27727.87
2897,2022-12-07,28522.72,27716.38
2898,2022-12-08,28641.74,27709.25
2899,2022-12-09,29119.28,27483.9
2900,2022-12-10,28206.82,26808.25
2901,2022-12-11,26555.31,25023.01
2902,2022-12-12,27408.17,25910.82
2903,2022-12-13,29746.61,27814.37
2904,2022-12-14,29619.62,27804.78
2905,2022-12-15,29646.31,27798.95
2906,2022-12-16,29550.18,27574.22
2907,2022-12-17,28332.59,26898.44
2908,2022-12-18,27017.05,25111.99
2909,2022-12-19,27032.51,25999.32
2910,2022-12-20,29723.1,27902.33
2911,2022-12-21,28877.08,27890.88
2912,2022-12-22,28886.66,27882.75
2913,2022-12-23,28437.08,27655.22
2914,2022-12-24,26597.53,26976.07
2915,2022-12-25,25146.27,25185.48
2916,2022-12-26,23856.77,26069.38
2917,2022-12-27,26139.44,27968.93
2918,2022-12-28,27667.84,27953.07
2919,2022-12-29,27422.56,27940.26
2920,2022-12-30,28035.32,27707.77
